1073 316 
1073 985 
1073 2163 
158 14 
158 2034 
158 180 
158 1701 
708 2216 
708 2212 
708 836 
708 1358 
1944 1950 
1944 352 
1944 310 
1944 336 
1944 1945 
1944 1946 
1672 186 
524 2476 
524 979 
524 1358 
524 552 
524 1169 
598 48 
598 1003 
598 297 
598 1297 
598 637 
598 869 
598 1301 
598 1299 
598 766 
598 519 
598 1100 
598 521 
598 201 
598 24 
598 1473 
598 165 
598 1864 
598 968 
598 1821 
598 1573 
598 1823 
598 1875 
598 480 
598 143 
598 157 
598 2707 
598 845 
598 2138 
598 316 
598 1107 
598 1636 
598 547 
598 1870 
79 603 
79 2097 
1384 1229 
1384 1358 
1021 2309 
827 1039 
827 1999 
827 324 
827 1921 
2525 2220 
2525 154 
2282 1131 
2282 2164 
2282 1351 
2282 2135 
2282 1655 
2282 816 
1096 1633 
1096 401 
1096 411 
1096 397 
1096 1065 
1374 748 
1418 78 
1046 2336 
1046 1510 
1046 91 
1046 2587 
1046 2387 
2316 1343 
681 1986 
681 1445 
681 1171 
681 1446 
265 1441 
519 1986 
519 109 
519 1998 
519 387 
519 416 
519 306 
519 1346 
519 2045 
519 1670 
519 836 
519 1574 
1583 553 
1583 1127 
1583 1120 
1583 1224 
1583 366 
1583 1013 
1583 973 
1583 2025 
1583 376 
1583 1995 
596 41 
596 644 
596 1914 
596 496 
596 992 
596 175 
2335 627 
2335 1481 
2335 2336 
2335 1519 
2335 1385 
2335 2259 
2335 151 
2335 1474 
2335 2001 
1268 2309 
1268 1929 
1268 162 
362 1966 
2123 2122 
2123 91 
2123 2003 
2123 2001 
2123 330 
2123 2380 
1903 2592 
1903 1902 
1903 1960 
1903 793 
1903 1897 
1903 709 
1903 840 
1903 2269 
693 334 
693 2108 
693 95 
693 763 
693 1851 
460 1986 
460 1989 
460 2532 
331 1527 
331 2480 
609 2446 
609 1358 
609 534 
609 1041 
609 59 
609 883 
609 2447 
609 2448 
1509 189 
1509 1262 
927 17 
927 2140 
927 1316 
512 172 
512 240 
512 756 
512 1472 
512 1692 
815 88 
815 1344 
815 1174 
815 2018 
815 2017 
815 55 
564 189 
564 2476 
564 1262 
1373 518 
1373 1003 
1373 848 
2342 1259 
1939 1542 
1939 19 
1822 1810 
1822 1811 
374 413 
374 846 
374 2147 
374 273 
374 1101 
374 2149 
374 2146 
1041 1358 
1041 2448 
1041 1466 
1041 1243 
1041 2390 
89 1585 
89 1401 
89 1157 
89 258 
89 1653 
89 884 
89 1087 
89 1094 
89 2463 
89 1530 
1013 2045 
1013 471 
1013 510 
1013 1841 
1013 1843 
1013 1661 
1013 1293 
1013 880 
1013 1644 
1013 1120 
1013 181 
1013 530 
1013 1729 
1013 1846 
1013 334 
1013 836 
1013 1625 
1013 1464 
1013 506 
1013 1403 
1013 1675 
1013 1521 
1013 1847 
1013 69 
1013 1851 
1013 1842 
1013 1850 
1013 1848 
1013 908 
1013 1849 
1013 1844 
1013 1840 
1013 1845 
1087 2434 
963 1094 
963 1141 
963 2400 
963 2434 
963 2399 
963 2401 
963 2240 
963 203 
963 375 
963 805 
963 1157 
963 258 
963 706 
963 1703 
963 1443 
963 1417 
963 29 
963 43 
963 1785 
1573 2698 
1688 2671 
1688 1437 
1688 1639 
96 2217 
716 2409 
716 603 
716 1810 
716 1821 
2119 218 
2119 33 
234 610 
234 2591 
319 1205 
1655 1131 
1655 2136 
1655 1121 
1655 11 
1655 2384 
1655 1842 
1655 1894 
1655 2295 
1655 1410 
1655 1839 
1655 149 
129 441 
129 701 
1105 578 
1262 110 
1262 1072 
1262 189 
1262 567 
479 1880 
479 132 
2477 2006 
475 2219 
356 2018 
356 211 
356 1259 
356 498 
356 2116 
2564 194 
2564 1451 
2564 1379 
2564 1380 
2564 1050 
1697 1986 
1697 1119 
1697 2253 
1697 1522 
2199 2186 
2199 2200 
2199 544 
2199 456 
2199 1580 
2199 731 
2199 95 
2199 2201 
2199 680 
2199 901 
2707 2706 
2707 165 
2707 1473 
1756 1632 
1756 1358 
1756 364 
1756 732 
1756 650 
1756 2642 
2194 2193 
2194 1120 
2194 324 
2194 2195 
2194 214 
197 231 
197 2412 
197 179 
1689 155 
1689 156 
2647 1686 
2647 243 
2647 473 
2230 482 
2230 606 
2230 938 
2230 2296 
232 1986 
232 869 
232 231 
232 1864 
232 1701 
48 2471 
48 1031 
48 1662 
48 2205 
48 1666 
48 2206 
48 2041 
48 714 
1616 447 
1616 412 
1616 118 
1616 581 
1616 1402 
1616 539 
1616 2050 
1616 56 
1616 1849 
1841 734 
1841 736 
1841 2056 
1841 408 
1077 1483 
1077 389 
1077 2450 
1077 2113 
2027 1239 
2027 938 
2027 2360 
2027 2025 
109 133 
109 124 
109 306 
109 1624 
109 459 
109 1769 
109 1772 
109 2093 
109 2045 
109 318 
109 1661 
109 1805 
109 2092 
109 563 
109 236 
109 102 
109 1779 
109 1789 
109 2094 
109 1998 
109 1045 
109 1787 
109 1337 
109 426 
109 1346 
109 289 
109 2095 
109 610 
109 1785 
109 176 
109 153 
766 1868 
766 316 
766 1297 
766 845 
1235 2126 
1235 2577 
1235 1119 
1235 1462 
2262 1015 
2262 1143 
251 812 
251 1300 
251 507 
251 1542 
251 1933 
251 1413 
251 253 
760 1513 
760 567 
760 2460 
760 2459 
760 1426 
760 985 
1978 436 
1978 478 
1978 621 
1978 249 
1978 514 
54 401 
54 767 
2234 1515 
2594 2680 
2594 218 
1201 2214 
1201 2533 
1201 457 
1815 1950 
1815 1810 
1815 310 
514 1882 
514 478 
514 120 
514 1314 
2042 2034 
2042 2039 
1693 434 
1693 1391 
1693 2408 
1693 1524 
1693 965 
2064 1996 
2064 327 
156 155 
156 1358 
156 1763 
156 817 
156 90 
189 1072 
2448 1067 
2448 2446 
2448 762 
535 2392 
535 2641 
2082 133 
2082 18 
981 1159 
981 1221 
2240 1157 
2240 152 
2240 2238 
2240 2399 
2240 1443 
2240 1530 
1947 1950 
1947 1945 
1947 1272 
1947 310 
1721 1761 
1721 1358 
1721 105 
1721 689 
1721 1687 
1721 2476 
1721 687 
1721 228 
2388 551 
2388 728 
2388 1914 
2388 945 
2388 175 
2388 1377 
2394 1085 
2394 88 
2394 2396 
2394 1027 
2394 600 
2394 2397 
2394 1420 
2394 724 
2394 1399 
2394 1396 
2394 504 
2394 1174 
2394 2228 
2394 1421 
2394 471 
2394 2395 
1666 606 
1666 1662 
1666 2381 
1666 49 
1666 2 
2329 2095 
2329 137 
2329 2144 
2329 397 
2329 2330 
2329 2331 
671 451 
671 441 
671 973 
671 2025 
2170 2171 
2170 1357 
2312 61 
2312 1333 
1785 1624 
1785 317 
1785 808 
1743 1483 
1743 1412 
1743 389 
1743 1358 
1743 2450 
1743 704 
1743 742 
1743 969 
1743 2113 
326 154 
326 1358 
326 1754 
580 2444 
580 1758 
580 1358 
580 1742 
580 59 
580 2445 
580 1765 
580 744 
1121 2136 
1121 1131 
1121 1410 
1121 1810 
1121 835 
73 558 
73 1745 
73 797 
73 1723 
73 1189 
73 1136 
73 1035 
73 1358 
73 876 
73 1214 
73 449 
73 1751 
1020 2077 
1020 180 
1020 2075 
1020 218 
1020 2667 
454 2190 
454 441 
454 118 
454 2188 
454 581 
454 2189 
454 1917 
454 1441 
454 973 
454 2022 
454 1661 
1501 1676 
1501 1487 
1501 2228 
1501 2395 
1501 116 
1501 1074 
1501 1399 
1292 1317 
1292 1358 
1292 689 
473 243 
473 1575 
473 194 
1814 482 
1814 1810 
1812 1986 
1812 482 
1812 2550 
1812 1810 
1812 2034 
281 2247 
281 1347 
281 101 
281 1000 
281 2244 
281 746 
281 1382 
281 8 
2408 434 
1659 5 
1659 1629 
43 2400 
43 152 
43 1653 
43 2399 
43 1530 
1741 88 
1741 1358 
1741 1309 
1741 2593 
420 199 
420 1869 
243 217 
243 2648 
243 2474 
1852 1701 
1852 2045 
1066 1574 
252 711 
252 1973 
252 973 
252 2485 
2382 1158 
2382 814 
2382 2383 
619 239 
619 65 
1679 2140 
1679 1316 
1679 1247 
463 1964 
463 1703 
463 1966 
463 1702 
729 669 
729 1159 
729 1701 
729 2534 
729 1221 
1845 894 
148 2518 
148 602 
148 714 
148 381 
148 378 
2595 833 
33 911 
33 1051 
33 698 
33 2120 
33 2121 
33 588 
33 286 
33 2040 
1098 2067 
1098 2066 
1098 1477 
1098 918 
80 1117 
80 257 
80 2049 
638 924 
638 2387 
638 1773 
638 893 
638 808 
638 783 
638 271 
421 2216 
421 2213 
260 365 
946 1966 
946 2623 
2040 2034 
2040 2122 
2040 2120 
1587 2154 
1587 1224 
2614 9 
2614 494 
2614 1599 
2614 723 
2614 2442 
1222 925 
1222 1224 
468 647 
468 1313 
468 1311 
1572 1776 
1572 836 
1572 236 
1572 306 
2298 2297 
793 2592 
793 1902 
793 1896 
1184 2100 
1184 1190 
318 563 
318 1701 
318 2045 
1983 438 
1983 2034 
1983 897 
1983 55 
862 733 
862 38 
2522 657 
2522 867 
2522 2656 
2597 915 
2597 2415 
2597 1358 
2597 1725 
2597 1734 
2597 1389 
779 778 
779 1592 
779 1973 
779 1224 
779 702 
779 1914 
779 1370 
779 1919 
2378 1018 
2378 2001 
2427 349 
2427 37 
2427 2428 
1579 2029 
1579 1182 
1579 47 
1579 1183 
1579 559 
723 9 
2535 1186 
2535 2534 
146 1927 
146 1468 
146 1907 
146 897 
146 2059 
1656 1798 
1656 1367 
1656 306 
975 2097 
357 657 
357 1154 
357 1358 
357 2652 
1847 88 
1847 415 
443 1966 
443 1010 
443 1264 
443 1531 
2304 733 
2304 469 
2304 2385 
2304 465 
470 652 
470 1097 
470 854 
470 857 
470 1115 
2049 142 
865 2653 
1 652 
1 2 
1 654 
1166 1986 
1166 2582 
795 1645 
795 603 
795 1810 
1459 2218 
1459 2080 
2490 94 
2490 2263 
1460 1185 
1460 2358 
1460 2349 
542 1245 
542 306 
542 1623 
542 484 
411 1488 
411 2609 
411 1577 
2355 2357 
2355 2356 
2355 94 
360 1409 
360 1824 
1429 1428 
1429 1534 
1429 2520 
567 110 
567 290 
567 631 
567 1513 
567 536 
661 97 
661 1028 
661 1353 
661 1885 
661 1045 
661 344 
661 830 
661 1882 
661 1878 
661 1881 
661 807 
661 935 
661 1884 
661 1883 
661 1880 
661 1879 
2578 2360 
2578 27 
2359 1834 
2359 1433 
2359 1171 
2359 290 
2359 687 
2359 480 
2359 797 
2359 1175 
2359 2372 
2359 1189 
2359 1136 
2575 1008 
1421 1085 
1421 2110 
1421 1396 
1421 1420 
1421 1975 
1421 2109 
2517 2516 
2517 941 
1451 194 
1749 1229 
1749 2446 
1749 1358 
1749 1742 
261 1894 
261 1479 
261 1701 
261 873 
1994 1986 
1994 169 
2317 25 
2317 1403 
2317 1928 
1629 1711 
1629 5 
2143 1787 
2143 1777 
2143 303 
2143 1367 
1408 1826 
1408 370 
1408 1829 
1408 1828 
1408 1553 
782 245 
2268 1160 
2268 733 
2268 309 
2268 2291 
2268 1278 
2268 383 
2671 428 
2671 2672 
2671 1533 
2671 2249 
2671 1071 
2671 726 
2671 1109 
2671 2674 
2671 1135 
2671 1206 
2671 2675 
2671 2673 
2671 1257 
761 1443 
761 1401 
1709 1986 
1709 2365 
1709 1739 
1709 1358 
1709 1738 
511 549 
511 1810 
1869 2309 
1869 1701 
1869 199 
1869 465 
1869 277 
1869 1097 
1869 1810 
1869 203 
1869 205 
2467 2017 
2467 2468 
1225 1450 
1225 2579 
1608 2489 
1608 2124 
1608 2126 
1608 546 
1519 2108 
1519 1015 
1519 147 
1519 1511 
1519 2640 
1519 1534 
2324 1776 
2324 1282 
2324 1735 
2324 1283 
1764 1358 
1764 628 
860 1758 
860 1527 
860 1427 
792 1986 
792 1488 
792 218 
792 1558 
792 2555 
1182 559 
1182 1183 
1182 472 
790 482 
790 171 
790 180 
790 1810 
790 1548 
485 2219 
485 1042 
485 839 
485 62 
217 2473 
217 2474 
116 1076 
913 220 
2570 1386 
2570 1151 
2570 2572 
2570 727 
2570 2573 
295 1176 
295 1177 
2168 2169 
2168 1033 
2168 834 
2168 876 
2168 1726 
2168 2083 
2168 1557 
2168 1586 
964 2198 
964 1388 
964 734 
964 257 
964 736 
964 965 
1414 371 
1414 370 
1414 1415 
1414 2270 
1456 1457 
230 577 
230 1095 
230 549 
230 1810 
230 1217 
115 973 
1462 1663 
1462 1119 
1462 1611 
311 343 
311 690 
311 1865 
311 1132 
554 306 
554 118 
554 685 
1218 1079 
1218 1927 
1218 586 
1218 2116 
253 1413 
253 507 
56 447 
56 412 
56 1849 
814 1158 
814 893 
814 2383 
1464 1683 
1464 181 
1464 850 
1464 712 
1464 262 
1464 1482 
1464 1359 
1464 1914 
1843 415 
2120 2637 
2120 442 
2120 665 
1775 350 
1775 306 
1775 103 
1775 1623 
1775 484 
2402 2403 
2402 781 
767 2314 
767 1701 
767 873 
2156 651 
2156 2024 
2156 324 
2156 1224 
174 1358 
174 1742 
174 629 
174 2334 
2605 1348 
1859 1986 
1859 1701 
1918 1914 
1918 506 
2283 1131 
2283 1382 
2283 575 
2642 364 
2642 358 
2642 16 
21 2310 
21 1043 
1706 558 
1706 2585 
212 1290 
2373 267 
151 1986 
151 2238 
151 2236 
539 2155 
539 711 
1138 2250 
1138 82 
1138 2248 
1461 1634 
1461 2248 
88 2010 
88 1288 
88 2178 
88 696 
88 1527 
88 130 
88 1713 
88 162 
88 498 
88 737 
88 1494 
88 2014 
88 2011 
88 76 
88 1908 
88 2013 
88 415 
88 851 
88 1677 
88 1882 
88 1309 
88 841 
88 743 
88 300 
88 1394 
88 1732 
88 2012 
88 1174 
88 2017 
88 2015 
88 1658 
88 2016 
1527 2450 
1527 415 
1527 1668 
1527 60 
1527 2274 
1475 2470 
1475 2469 
1475 614 
1475 1017 
1475 888 
1711 1765 
1711 1358 
1711 1730 
1711 1731 
272 2012 
2018 76 
2018 621 
2018 851 
2018 2019 
2018 1658 
103 1790 
103 608 
103 306 
103 139 
103 484 
2412 469 
2412 1997 
1524 2499 
1524 434 
1204 1330 
1204 1839 
1204 1602 
1204 1838 
1204 751 
2580 1228 
2580 972 
2580 1536 
2580 186 
597 1628 
597 1104 
277 553 
277 696 
277 973 
277 160 
1007 1154 
1007 526 
1007 1742 
1007 2466 
1119 1663 
1119 870 
1119 2124 
1119 2129 
1119 2127 
1119 1111 
1119 1273 
1119 2128 
1119 2126 
1119 2125 
1445 1446 
1383 403 
1383 806 
2291 1265 
2291 733 
2291 481 
2291 2233 
2291 2292 
2291 715 
2291 377 
2291 1682 
1379 1380 
924 2383 
924 808 
1057 2409 
571 696 
571 1570 
1632 364 
1632 16 
125 458 
125 2363 
637 1641 
1534 1428 
1534 1082 
1534 911 
1294 352 
1294 733 
1173 353 
1173 1250 
1173 202 
499 2458 
499 2457 
2113 1483 
2113 2450 
2113 704 
2113 711 
133 1784 
133 452 
133 2045 
133 1670 
133 1777 
133 1623 
133 399 
2524 2336 
2524 1428 
2524 1202 
2590 1185 
2590 1498 
2590 1469 
2340 1558 
2340 2339 
615 2443 
615 59 
765 2367 
765 640 
765 1147 
1497 2034 
1497 549 
1226 1955 
1226 1956 
1226 807 
1226 2528 
1769 544 
1769 1623 
1769 399 
2211 2356 
2211 1065 
203 857 
203 854 
203 1115 
445 909 
445 1434 
0 633 
0 2582 
0 1862 
1927 738 
1927 769 
1927 405 
1927 1930 
1927 305 
1927 1923 
1927 1929 
1927 1928 
1927 1435 
1927 1924 
1927 1152 
1705 1289 
1705 2322 
1705 1193 
1705 306 
1705 1624 
1705 2081 
1705 487 
1052 1701 
2014 415 
1513 1830 
2242 2539 
2242 2241 
45 1986 
45 733 
45 2668 
45 2667 
45 1219 
45 2303 
857 1097 
857 1246 
857 854 
1885 1884 
1885 2644 
1311 1313 
1311 1312 
1311 2080 
2219 1838 
2390 2451 
2390 1740 
2390 489 
2390 2391 
1079 1914 
1079 210 
1079 55 
910 2085 
910 139 
910 239 
910 1623 
910 306 
910 887 
2560 1717 
2560 2561 
2560 1114 
714 1385 
2232 315 
2232 2182 
2232 1376 
2148 509 
2148 1242 
2148 1101 
2148 2146 
442 627 
442 1051 
442 2362 
442 698 
442 196 
442 588 
442 286 
2372 480 
2372 687 
1177 1542 
1177 877 
1177 1935 
1428 2336 
1428 2376 
1428 2520 
1428 1202 
2702 186 
2702 1536 
1353 97 
58 1715 
1372 1362 
1372 42 
2238 627 
2238 1703 
2238 1969 
2238 22 
2238 1702 
2238 152 
2238 706 
2238 2237 
2238 2239 
920 316 
920 1893 
11 1839 
2261 718 
2261 1474 
2115 386 
2115 2519 
2115 2117 
2256 102 
2256 1878 
139 1780 
139 18 
139 660 
139 1623 
139 306 
139 2045 
757 1284 
757 1358 
757 2421 
1256 1761 
1256 1091 
1256 2175 
1256 595 
1256 4 
1256 2176 
1256 1016 
1256 982 
1712 2446 
1712 1358 
1712 1725 
297 1542 
297 185 
297 899 
297 201 
1000 2543 
1000 1325 
1000 972 
1523 548 
1523 2449 
1207 1102 
1207 2290 
1207 2464 
569 2512 
569 1759 
1586 173 
1586 687 
1567 1874 
1567 1654 
1567 722 
1567 2500 
396 1988 
396 1217 
1515 2182 
1325 2247 
1325 327 
1325 1095 
1325 298 
1325 2063 
1536 1228 
1536 186 
1484 2498 
1484 299 
1484 2383 
1484 2520 
344 2323 
344 441 
344 389 
344 854 
536 1894 
705 429 
705 617 
1109 2674 
1109 1533 
1109 2675 
2252 121 
2252 1158 
2252 2251 
962 1809 
962 1062 
962 1665 
962 1807 
962 1810 
962 1806 
962 1808 
2426 2425 
1345 353 
1345 202 
834 683 
834 876 
834 131 
1147 395 
1147 1090 
1147 1865 
1147 1598 
1147 2367 
1147 2371 
94 1966 
94 733 
94 2263 
94 586 
94 934 
94 195 
94 2357 
94 1649 
94 675 
384 1624 
384 1623 
663 2195 
663 594 
114 610 
114 2288 
114 2506 
739 1881 
739 735 
739 1958 
739 701 
739 1237 
739 393 
739 1543 
1452 1417 
1452 1015 
1452 1336 
2181 2074 
2181 2197 
2181 525 
2181 142 
2181 1388 
2181 95 
2181 2202 
2181 2196 
2164 87 
2164 2217 
1305 1358 
1305 466 
2555 961 
2555 1728 
2555 2338 
2555 2599 
710 51 
710 2212 
710 2213 
710 1392 
1252 867 
1252 2656 
2130 1889 
2130 1890 
2130 1891 
2130 691 
2130 2249 
2130 1261 
2130 2127 
2130 430 
2130 983 
2130 791 
2130 2034 
2130 912 
1063 577 
1063 394 
1063 1518 
2393 1634 
2393 368 
544 2347 
544 456 
544 74 
544 1580 
544 2052 
544 399 
24 17 
24 1701 
24 201 
24 2139 
24 1636 
24 2141 
1043 2309 
2381 1662 
2381 2001 
1863 532 
1863 1701 
2265 1322 
2265 984 
2265 1324 
2201 95 
2201 552 
207 833 
1646 1471 
1646 1358 
2513 1684 
773 1072 
773 1505 
993 702 
993 2155 
1190 37 
1190 1387 
2028 2025 
1708 1358 
1708 2313 
1708 467 
1708 2314 
1708 1857 
1708 873 
1989 1986 
1094 258 
1094 1653 
1094 1369 
1094 1443 
1650 107 
1650 1360 
1650 1113 
1650 971 
649 1171 
649 1457 
595 2176 
595 1016 
1273 1111 
1273 2125 
1273 2034 
1273 2126 
1273 2124 
1273 722 
1273 2129 
2469 365 
149 1416 
149 2025 
149 1080 
1344 25 
1344 724 
1344 2315 
1344 1928 
1212 1701 
2280 270 
2280 242 
2280 1131 
2280 279 
2280 838 
2670 837 
2670 1194 
2670 2679 
1440 869 
1440 1701 
1239 2611 
1239 743 
1599 110 
1599 1358 
1599 2460 
1599 2441 
1599 1199 
1526 868 
1526 2099 
1526 1977 
1526 1224 
1526 2425 
1526 1879 
1526 1981 
76 2178 
1228 186 
570 201 
570 2430 
87 842 
87 42 
2063 1996 
2063 327 
2063 928 
2063 1326 
351 1810 
1039 436 
1039 885 
269 418 
269 321 
269 2543 
269 2551 
269 8 
1430 1718 
1430 632 
59 1627 
59 1358 
59 1725 
59 1067 
59 2651 
59 1287 
59 105 
1042 74 
1042 6 
1042 624 
1042 2051 
1042 2052 
1042 1926 
1042 2054 
1042 1125 
1042 2198 
1042 1925 
1042 1047 
1042 2055 
1042 1118 
1042 2333 
1042 1517 
1042 1481 
1042 1628 
1042 2073 
1042 1198 
1042 373 
1042 1025 
1042 901 
704 1483 
704 562 
704 2450 
704 1412 
704 969 
704 389 
1260 2250 
1260 1559 
945 1911 
945 1072 
945 1512 
1340 1943 
1340 1542 
1340 1413 
1340 872 
849 577 
849 394 
849 1993 
849 2351 
2215 51 
2215 2216 
2215 1724 
2215 457 
223 1761 
223 1154 
223 744 
572 1416 
572 2418 
572 2025 
882 1358 
1652 1972 
1652 725 
1652 604 
1652 1848 
1652 498 
1854 1701 
1682 695 
1682 407 
1682 733 
1682 2319 
1682 2321 
1682 2189 
1682 1012 
1682 948 
1682 2320 
131 2169 
1277 755 
803 2100 
803 528 
1928 1447 
1928 2475 
555 1463 
742 1483 
742 1620 
1347 1997 
293 2038 
2321 2266 
2245 2243 
2245 2246 
1848 1224 
1848 325 
1848 1909 
1848 2419 
1848 1376 
72 1358 
72 1103 
1807 429 
1807 482 
1807 180 
1807 2034 
1194 368 
1194 1366 
1724 2216 
1724 1723 
1724 1358 
1724 768 
781 218 
1490 2085 
1490 2327 
1490 306 
646 119 
1272 1950 
1272 1945 
1272 310 
231 1868 
231 1701 
231 551 
231 387 
231 176 
231 2217 
231 179 
2167 957 
1279 2186 
1279 731 
1279 2203 
1279 901 
2165 279 
2165 118 
2165 1343 
1937 548 
1937 1938 
1367 1196 
1367 980 
1367 2080 
1367 306 
1367 124 
1367 1778 
1367 1584 
1367 484 
1506 1229 
1506 1146 
740 2033 
740 141 
740 1002 
434 2133 
434 1117 
2543 2247 
664 1701 
2613 1095 
2155 1131 
2155 1203 
2155 2293 
2155 1143 
2155 1118 
2155 749 
2155 280 
2155 1535 
2155 2295 
2155 586 
2155 74 
2155 1152 
2155 2153 
2155 2294 
2155 1224 
1674 1914 
1674 891 
1674 2608 
178 833 
1844 868 
1844 2276 
906 577 
906 2351 
906 2353 
1624 1196 
1624 409 
1624 1788 
1624 1780 
1624 1778 
1624 317 
1624 887 
1624 1505 
1624 589 
1624 1786 
1624 1787 
1624 1777 
1624 1779 
1973 666 
1973 822 
1973 1683 
1973 1333 
1973 1976 
1973 1482 
1973 32 
1973 490 
1973 1975 
1973 1637 
1973 1525 
1973 504 
1973 1974 
1434 1986 
698 286 
698 588 
698 1015 
1568 748 
1568 1358 
1568 154 
1568 1729 
2356 934 
2356 2357 
2356 675 
1631 736 
1631 2196 
894 2367 
894 640 
241 1441 
74 2419 
74 1416 
74 586 
74 1118 
74 2052 
74 1517 
1230 1342 
1230 1050 
102 1871 
102 1448 
102 1251 
102 1623 
102 1561 
102 1878 
1899 645 
1899 2510 
1899 1902 
1899 388 
1899 2491 
282 67 
282 747 
694 1478 
694 2516 
1670 303 
1670 1346 
1670 308 
2285 989 
2285 451 
2285 2286 
2285 2284 
2029 472 
2029 1543 
2424 1839 
2424 195 
1072 1478 
1072 20 
1072 1803 
1072 1802 
1072 1798 
1072 306 
1072 973 
1072 1804 
1072 1800 
1072 1733 
1072 1505 
1072 958 
1072 1784 
1072 1358 
1072 1805 
1072 1799 
1072 236 
1072 1797 
1072 1483 
1072 1725 
1072 342 
1072 1801 
1072 417 
1072 1740 
1072 1070 
1072 244 
5 2546 
2473 2648 
498 323 
498 437 
498 436 
861 95 
861 2068 
861 2330 
861 1397 
1618 429 
1618 1789 
1618 1425 
1618 1015 
1618 1143 
748 1358 
748 1169 
748 1732 
748 1617 
748 1145 
748 1550 
748 274 
748 2553 
748 1103 
668 436 
645 891 
645 1901 
645 1495 
645 1824 
645 1826 
645 1358 
645 1900 
645 950 
645 1898 
645 1895 
645 1267 
1664 607 
1664 2147 
1664 785 
1664 455 
1131 510 
1131 1224 
1131 1500 
1131 490 
1131 1215 
1131 1930 
1131 1133 
1131 1538 
1131 2281 
1131 436 
1131 838 
1131 1909 
1131 836 
1131 242 
1131 2185 
1642 2657 
1642 439 
1642 2658 
1150 1243 
1684 2486 
830 1914 
830 2100 
426 1789 
426 1782 
426 1805 
426 1777 
426 306 
426 1772 
426 487 
1187 895 
1187 1188 
1746 1678 
1746 1358 
1746 1281 
484 2046 
484 2081 
484 1699 
2176 1091 
2176 2175 
2176 4 
2176 982 
2176 1016 
2176 1382 
1432 1950 
1432 2663 
1432 1054 
1432 1049 
2295 897 
2295 1110 
2295 86 
935 451 
935 1873 
935 973 
935 854 
182 997 
182 183 
970 16 
970 364 
970 1358 
970 2365 
970 466 
573 2407 
573 643 
573 505 
573 1313 
573 306 
2650 960 
310 990 
310 1241 
310 150 
310 1581 
310 1948 
310 892 
310 1950 
310 352 
310 1945 
310 1949 
310 1331 
310 875 
310 1946 
397 665 
397 879 
1025 373 
1075 1701 
1075 1124 
179 1986 
482 2308 
482 2307 
482 218 
482 1810 
556 1805 
556 1623 
510 1171 
1894 1149 
1894 1405 
1894 2118 
1894 1508 
1894 229 
1894 2117 
1894 770 
1894 2034 
1894 1479 
1894 1215 
1894 1049 
1084 1213 
2178 2024 
2178 415 
2178 737 
2178 1979 
2178 1309 
531 2308 
531 606 
1090 1093 
1090 15 
1090 1598 
1090 2367 
1090 640 
1090 1271 
35 895 
35 1913 
35 1296 
2609 2601 
67 2628 
67 540 
1995 1986 
1995 553 
1995 745 
1244 493 
270 279 
270 1215 
270 1195 
270 838 
2047 294 
2047 2045 
2004 1986 
2004 316 
2004 180 
2004 1987 
2020 55 
2020 323 
1870 1986 
1870 157 
1870 1701 
699 2327 
699 1701 
699 2045 
423 525 
423 81 
423 347 
423 527 
423 315 
1799 1465 
1799 1701 
1799 306 
1763 155 
1763 1358 
1763 1736 
1763 817 
2488 85 
2244 2243 
308 350 
308 2045 
308 1253 
308 306 
258 1153 
258 2645 
258 1240 
258 1401 
2466 425 
2466 1758 
2466 2279 
2466 533 
290 328 
290 1765 
290 687 
457 51 
457 2216 
444 582 
444 488 
444 2464 
444 828 
444 2289 
444 515 
444 2290 
444 623 
1853 1701 
829 1816 
1653 1369 
1653 1585 
1574 1986 
2646 194 
1054 1950 
1054 990 
1054 1099 
1054 1577 
1054 1605 
828 2464 
828 1795 
707 763 
756 2186 
756 433 
756 240 
756 1469 
756 256 
756 885 
756 172 
756 2187 
756 1472 
756 1692 
1215 1203 
237 2539 
589 121 
589 980 
589 1158 
1589 2596 
1589 101 
1589 1745 
1433 1035 
1433 931 
593 1474 
593 415 
593 1115 
1977 436 
2296 1134 
2296 313 
325 787 
1622 1289 
1622 124 
1622 1270 
1622 2425 
382 2034 
382 191 
382 1203 
702 822 
702 1368 
702 777 
702 2070 
702 2069 
702 1637 
702 2101 
1922 1008 
1922 1416 
1050 1320 
1050 1634 
1050 1569 
1050 1380 
1050 194 
1050 1081 
1050 1342 
1050 2563 
2001 1986 
2001 2044 
2001 91 
2001 2121 
2001 2003 
2001 429 
2001 2379 
2001 574 
2001 2348 
2001 503 
2001 2002 
2001 2380 
732 263 
732 2685 
732 364 
732 296 
703 2497 
703 801 
703 1961 
171 1548 
171 775 
952 517 
952 2546 
2682 177 
2682 2679 
1487 2137 
1487 2017 
1487 1849 
540 113 
540 2527 
540 747 
540 1441 
871 657 
871 1229 
871 2530 
871 2652 
871 867 
1477 2067 
1477 2066 
1477 1542 
1331 1810 
1331 1576 
2152 2385 
2152 1224 
1625 1309 
1625 1729 
1833 1035 
1833 797 
1833 1834 
1146 2254 
1146 36 
1146 1505 
1149 1986 
1149 1358 
1149 985 
1091 982 
936 246 
936 1067 
936 2515 
936 2530 
936 2641 
150 914 
150 1942 
1436 2259 
627 2122 
1677 191 
1677 1908 
1677 1309 
1677 415 
274 749 
452 1258 
452 1623 
452 306 
2383 1051 
2383 1635 
2383 893 
2383 299 
2383 588 
2383 808 
1064 394 
1064 2351 
1064 2352 
2122 196 
2122 91 
2122 332 
2122 1051 
2122 2121 
2122 2066 
2122 665 
481 1287 
481 823 
481 1810 
395 2367 
395 640 
683 2169 
2127 2124 
2127 546 
1791 1197 
1791 191 
1791 2045 
1791 1609 
1778 350 
1778 2327 
1778 1623 
1778 1771 
1778 1552 
1330 2068 
1330 1837 
896 465 
1061 1196 
1061 2376 
1061 783 
1003 363 
1003 2607 
1003 1687 
1796 1794 
1796 2297 
1796 1795 
911 2376 
911 893 
911 1051 
2154 1291 
2154 1224 
2154 1660 
576 574 
576 2348 
576 665 
576 1810 
576 503 
772 908 
86 429 
86 2034 
86 1336 
1029 118 
1029 2166 
2416 2417 
2416 1152 
1681 695 
1681 407 
1681 2319 
1681 1012 
1681 2318 
1681 409 
1681 459 
1681 2320 
1681 948 
1953 458 
1953 1470 
1953 1555 
1671 210 
1671 2136 
1671 2137 
1671 1929 
1671 1968 
1671 1614 
1834 449 
1834 372 
1834 800 
891 2608 
1982 436 
1982 130 
467 1701 
467 1172 
1590 863 
1590 794 
726 177 
726 1533 
2247 972 
2247 1086 
2247 2509 
2247 2246 
805 275 
805 706 
805 2236 
1099 1607 
1099 1577 
1089 2086 
1089 1088 
1089 1552 
1089 399 
205 1701 
2361 606 
1530 1369 
1530 2464 
278 1185 
39 2357 
39 1634 
39 1532 
39 1349 
39 1522 
39 22 
39 1965 
864 104 
864 1065 
864 2210 
787 438 
787 55 
1015 1789 
1015 1143 
1015 1788 
1015 1481 
1015 1425 
1015 1385 
1015 1068 
1015 2263 
2302 733 
2302 1692 
1179 1955 
1179 410 
1550 1358 
1550 2083 
1472 2187 
1472 240 
1472 1692 
249 621 
249 1884 
1566 2071 
1566 1895 
1566 768 
1566 1199 
1566 1732 
453 2306 
453 1806 
453 2305 
691 2034 
1358 341 
1358 1757 
1358 1339 
1358 53 
1358 1733 
1358 1154 
1358 1713 
1358 1738 
1358 1715 
1358 978 
1358 228 
1358 1752 
1358 173 
1358 626 
1358 333 
1358 796 
1358 919 
1358 1760 
1358 999 
1358 90 
1358 689 
1358 1740 
1358 1735 
1358 1546 
1358 684 
1358 1562 
1358 34 
1358 1722 
1358 244 
1358 686 
1358 1284 
1358 1750 
1358 68 
1358 1739 
1358 1762 
1358 1287 
1358 1070 
1358 466 
1358 1755 
1358 823 
1358 1604 
1358 1718 
1358 876 
1358 1754 
1358 819 
1358 797 
1358 1389 
1358 1103 
1358 929 
1358 1751 
1358 1748 
1358 951 
1358 754 
1358 1759 
1358 1189 
1358 1205 
1358 831 
1358 489 
1358 501 
1358 1730 
1358 364 
1358 1516 
1358 1728 
1358 1281 
1358 1038 
1358 1710 
1358 1480 
1358 957 
1358 1444 
1358 1761 
1358 1620 
1358 613 
1358 1717 
1358 1483 
1358 346 
1358 1243 
1358 764 
1358 1731 
1358 155 
1358 1492 
1358 289 
1358 744 
1358 1747 
1358 853 
1358 1765 
1358 1040 
1358 1753 
1358 1734 
1358 902 
1358 1732 
1358 1471 
1358 1742 
1358 1745 
1358 1744 
1358 1720 
1358 30 
1358 1723 
1358 1565 
1358 1766 
1358 985 
1358 1229 
1358 1714 
1358 1719 
1358 1736 
1358 101 
1358 1123 
1358 1169 
1358 246 
1358 1758 
1358 1725 
1358 1727 
1358 170 
1358 552 
1358 111 
1358 1499 
1358 154 
1358 1726 
1358 1729 
1358 758 
1358 687 
1358 1145 
1358 873 
1358 1209 
1358 1238 
1358 1716 
1358 337 
1358 616 
1358 1737 
262 1351 
928 327 
928 1326 
1068 984 
1068 810 
2079 1802 
2079 236 
2079 126 
1537 119 
1537 441 
1537 1455 
1405 229 
1405 1508 
1405 1053 
788 1031 
788 2033 
788 1952 
788 2205 
788 2041 
2090 656 
2090 350 
2090 1335 
2090 306 
1966 1702 
1966 1971 
1966 1234 
1966 1964 
1966 1010 
1966 1569 
1966 1703 
2332 1481 
2332 1669 
2332 1125 
1351 1972 
1351 1535 
1351 604 
1351 1592 
1351 1362 
1351 2134 
1351 69 
1351 907 
867 1229 
867 2442 
867 2439 
867 657 
867 2523 
867 2440 
841 2034 
2038 2034 
2177 644 
2177 2367 
2177 398 
2177 2371 
355 1668 
1518 577 
1518 1129 
2368 2367 
2368 2370 
806 403 
1282 1483 
1282 684 
1282 1283 
1282 1735 
1282 905 
1282 1776 
1282 741 
271 2498 
271 1970 
271 166 
271 2387 
2371 2367 
602 378 
1941 1334 
1941 1542 
1941 507 
1941 2508 
1941 1300 
1420 2396 
2445 2503 
2445 464 
2445 1742 
2514 1154 
2514 2515 
2516 801 
724 2395 
2307 1067 
2307 1742 
91 330 
91 2380 
1359 1914 
1359 181 
1359 2278 
1359 2480 
1961 1022 
1961 801 
2649 2457 
2649 1915 
240 172 
240 1692 
193 441 
193 458 
2505 406 
1483 306 
1483 359 
1483 1620 
1483 2083 
1483 389 
1483 905 
1483 969 
1483 1726 
1483 1412 
1483 562 
1483 754 
1483 1735 
1483 1249 
1483 2208 
720 371 
720 392 
720 1441 
534 227 
534 629 
534 933 
100 1602 
100 2056 
2663 1605 
1933 507 
1933 1300 
1933 1413 
1219 994 
1219 78 
744 1154 
13 1701 
13 1810 
204 415 
2521 2204 
1861 1701 
1581 1819 
1581 1810 
210 164 
210 1626 
210 1907 
210 1614 
210 1906 
210 2309 
210 1905 
210 55 
584 2289 
584 623 
584 340 
584 2463 
584 2464 
50 1441 
316 1868 
316 1297 
316 143 
316 1821 
316 845 
1888 1737 
1888 1103 
1888 1887 
1602 2074 
1602 2054 
1602 2073 
1602 6 
1602 2072 
1602 1416 
1602 95 
1602 315 
1614 2034 
263 364 
263 1103 
2327 2328 
1480 1103 
682 973 
682 1224 
1540 1628 
1540 525 
1540 2054 
2231 2292 
2231 2182 
2519 2114 
2519 2509 
2519 1365 
95 2200 
95 2074 
95 2197 
95 2182 
95 2054 
95 1303 
95 1628 
95 456 
95 1535 
95 1838 
95 2183 
95 334 
95 734 
95 1580 
95 736 
586 1224 
2260 529 
2260 1417 
2260 1419 
2142 2141 
1725 2596 
1725 1745 
1725 628 
1725 1740 
1725 1427 
1725 2413 
1725 2334 
1725 557 
1725 1734 
1725 1070 
1725 687 
2398 1662 
2398 2493 
1410 897 
1410 1203 
1585 1401 
402 776 
402 507 
402 1936 
402 1542 
402 1940 
402 1932 
402 1413 
2274 1370 
2274 1441 
298 1095 
298 607 
1825 472 
1825 1183 
1825 392 
1825 1824 
1234 1703 
1234 1702 
1234 22 
1639 177 
1639 2679 
1107 605 
1107 2379 
1107 2243 
1107 1810 
1302 1006 
2386 299 
2386 1082 
2386 885 
280 1535 
2370 2367 
2370 2369 
377 1265 
377 733 
377 678 
1811 1810 
2392 2451 
2392 1740 
612 2235 
233 128 
636 2233 
1157 2463 
152 884 
838 868 
838 279 
838 242 
1275 405 
1275 1468 
816 1842 
816 436 
816 2405 
816 483 
816 1980 
816 120 
162 1174 
162 323 
162 1667 
1192 733 
1192 1621 
1192 1062 
1498 2349 
1498 1469 
1498 2025 
2118 229 
2118 2117 
2556 1249 
2556 626 
2556 1610 
304 279 
304 2423 
304 1172 
304 1857 
1053 229 
2185 1538 
2185 1133 
2185 1500 
1199 881 
1199 1214 
1199 1716 
1199 859 
1954 1955 
1954 1901 
1954 590 
1954 1958 
1954 1441 
1954 1957 
1954 1956 
1954 2275 
1954 1128 
1488 1465 
1488 2601 
1556 888 
659 354 
659 1803 
659 77 
1307 2536 
1307 802 
1307 922 
1307 1444 
1307 804 
1676 1914 
1676 1975 
1676 1675 
1676 1074 
960 1776 
960 784 
1300 877 
1300 2508 
1300 1542 
1300 1940 
1300 507 
1300 812 
1365 1703 
1365 1702 
1365 2509 
57 2418 
264 1826 
264 844 
264 472 
264 1902 
2563 1081 
1722 289 
1722 312 
2494 2495 
2494 417 
493 1759 
493 391 
870 577 
870 2126 
1469 2358 
1469 2346 
1469 2349 
1469 1692 
527 81 
226 1701 
2643 111 
2062 735 
2062 701 
501 1765 
2596 1751 
2596 1745 
1940 1542 
1940 507 
1750 1766 
1750 1520 
1750 1739 
1750 1601 
1750 1765 
621 1332 
1306 1317 
1306 364 
2061 735 
1826 1409 
1826 1829 
1826 448 
1826 1824 
1826 1827 
1004 1810 
1004 1489 
1800 852 
1800 476 
2301 2008 
2301 733 
1423 591 
1423 1692 
1473 2706 
1473 165 
1919 778 
1919 1224 
1919 1402 
1919 1914 
1919 1370 
1963 1022 
1963 1962 
163 47 
1881 1958 
1881 735 
1881 1543 
1290 1213 
1290 2258 
2011 25 
2011 733 
886 622 
886 1400 
2086 2094 
2086 1505 
2086 306 
2407 643 
2407 1313 
1604 1284 
1604 46 
1604 902 
581 118 
581 1792 
581 306 
581 1623 
2019 973 
1103 1284 
1103 1886 
1103 1760 
1103 998 
1103 796 
1103 1887 
1103 53 
1103 1123 
1103 1748 
1103 1520 
1103 1718 
1346 306 
553 1127 
553 2009 
553 745 
553 366 
553 160 
951 328 
2104 516 
2655 2654 
2617 166 
2172 1467 
2172 1628 
2172 525 
2172 2182 
2172 52 
505 1180 
505 1448 
505 1251 
505 406 
505 843 
505 1258 
505 1304 
505 1560 
505 2083 
505 1779 
1269 1314 
1269 1227 
1269 753 
1269 890 
1269 737 
1269 1630 
1269 1880 
1269 2227 
347 81 
347 525 
347 408 
1376 239 
606 2360 
606 27 
1837 997 
1837 1768 
1837 183 
1220 239 
1890 1889 
375 2434 
375 2401 
375 2435 
1980 436 
1980 1842 
1980 2405 
1980 1979 
678 733 
746 1303 
746 2006 
1877 1701 
1877 2573 
120 1842 
120 2405 
120 483 
2109 1085 
2109 2110 
2109 1396 
2109 604 
2109 1975 
1507 989 
1507 1343 
1507 118 
1507 1645 
1507 446 
1507 2436 
2180 81 
2180 257 
2180 2183 
2180 525 
2180 2182 
1935 1176 
1935 1413 
1935 877 
1935 1542 
296 2685 
1640 350 
1640 36 
1640 306 
1458 982 
2351 1129 
2351 394 
2351 577 
566 1986 
566 1907 
969 2450 
969 1735 
215 1986 
215 1701 
215 2045 
206 2691 
206 71 
1831 889 
1831 824 
1860 1701 
1337 563 
1337 1701 
1337 2045 
55 2021 
55 60 
55 323 
55 771 
55 651 
55 1156 
900 639 
900 811 
302 1158 
302 350 
302 719 
302 1253 
302 306 
2358 1185 
2358 2349 
2358 631 
848 985 
848 228 
2218 1411 
191 608 
191 1998 
191 2385 
873 1479 
873 2313 
1392 51 
1392 2212 
327 1996 
2507 353 
2507 1250 
2507 2221 
1738 2365 
1738 2366 
1738 466 
1745 1214 
1745 1486 
509 2146 
509 1101 
764 796 
764 1606 
764 1612 
2287 610 
2287 2288 
2287 826 
515 2547 
515 1102 
515 623 
515 2464 
515 2465 
469 620 
574 1692 
2674 2675 
1535 2293 
1535 1916 
1281 1748 
1281 977 
1988 1986 
863 429 
863 38 
863 794 
863 1160 
1776 1499 
1776 138 
1776 1623 
1776 2078 
1776 1283 
1776 1735 
1776 2045 
1776 337 
329 2598 
329 1798 
329 306 
2654 1037 
2654 403 
399 2107 
2311 2576 
2311 2056 
1450 1083 
1450 321 
839 965 
839 2277 
2102 1309 
2102 2385 
2102 1912 
1976 502 
1976 147 
2111 711 
2106 2094 
2106 36 
1006 734 
1006 736 
491 190 
2443 1742 
15 1271 
15 2367 
15 1093 
2548 582 
1055 899 
1055 1577 
169 2706 
4 1761 
4 1016 
4 2175 
1957 1355 
1957 1441 
1957 979 
1957 2630 
1957 2241 
633 1701 
633 1866 
610 826 
610 2481 
610 2288 
666 279 
666 1850 
666 518 
1597 432 
1597 320 
1803 354 
1803 77 
1338 1309 
1338 2385 
1338 1912 
1495 93 
1495 437 
52 1467 
52 1139 
52 2182 
52 2053 
1248 603 
1248 2045 
1248 1651 
371 1553 
371 1441 
371 2375 
371 1415 
371 1354 
1255 198 
1255 2248 
1733 831 
27 2360 
27 1810 
1343 1645 
1343 118 
1343 836 
1343 255 
745 1986 
745 1127 
745 2009 
745 366 
745 743 
745 160 
563 1701 
563 2045 
1675 1914 
1675 1074 
2377 372 
812 1542 
812 507 
812 1413 
1893 1889 
558 876 
558 2585 
558 1189 
1176 877 
1176 1542 
1176 507 
1714 1154 
1714 1169 
1714 1727 
506 1914 
506 1352 
1117 1628 
1117 2499 
1137 725 
447 2638 
447 1849 
1991 1986 
1991 2325 
2485 1592 
2485 1792 
2485 1370 
2485 2050 
2485 1851 
835 1134 
835 1654 
835 1810 
722 2501 
722 1874 
722 2500 
78 1329 
1849 412 
1849 1914 
1280 449 
1280 2612 
2480 712 
2270 20 
2270 128 
2270 2375 
2270 2269 
2270 1354 
1357 2025 
350 2085 
350 1782 
350 406 
350 306 
350 656 
350 2089 
350 1623 
350 2084 
880 973 
403 1742 
403 2503 
403 464 
403 1037 
2668 14 
2668 2075 
2668 2667 
2668 486 
578 266 
578 1974 
578 1879 
2089 2085 
2089 306 
266 2229 
266 809 
266 2227 
1093 599 
1093 1598 
1093 2367 
1093 1271 
2698 1400 
1062 733 
1062 1810 
1925 1416 
1925 2620 
2069 1377 
2069 2070 
751 734 
751 2198 
751 736 
751 2202 
2071 725 
2071 1592 
2071 2016 
2071 1840 
2071 2015 
2071 1435 
2071 755 
948 695 
948 1395 
1683 2132 
1683 181 
613 341 
112 487 
112 1623 
112 2080 
112 306 
851 415 
851 1309 
797 800 
1882 516 
1882 1309 
22 1702 
22 1703 
2511 2203 
2652 2439 
276 1463 
276 2133 
276 1695 
725 1104 
725 440 
1969 1703 
1969 2236 
1174 1912 
1174 415 
712 850 
1747 1148 
2032 1336 
1156 65 
1156 897 
1156 771 
1946 1950 
1946 1945 
175 41 
175 2217 
175 955 
175 2135 
175 1914 
2366 46 
2366 686 
1808 1810 
1808 579 
696 1570 
464 2444 
464 1758 
737 415 
737 1630 
737 1974 
737 2136 
1880 753 
1399 2309 
1399 1396 
1399 2227 
2284 1901 
1781 36 
1781 1623 
1781 2107 
1781 1998 
1781 306 
747 1538 
747 113 
1909 1171 
1909 2305 
1909 239 
1909 211 
1479 1701 
1794 798 
1794 1381 
1794 1795 
1031 1952 
1396 2228 
1396 2395 
1875 1986 
1875 1701 
1368 1911 
1368 2553 
1549 119 
1549 2286 
1549 1901 
1598 2367 
1598 640 
1106 1874 
1106 1092 
1106 2501 
1136 2554 
1136 1189 
1765 825 
1765 1744 
1765 1492 
1765 1720 
1765 2492 
1765 1719 
1765 1040 
1765 1520 
1765 1562 
1765 823 
1765 1755 
300 634 
300 415 
2487 85 
706 1240 
706 2645 
1362 1914 
1985 438 
1985 437 
2353 577 
2353 1129 
186 1319 
547 1701 
1759 239 
2074 2277 
2545 10 
1694 333 
689 1317 
689 1169 
323 2022 
1395 2189 
1395 2072 
1395 2266 
1395 679 
1395 2267 
496 992 
496 711 
2088 1797 
2088 306 
2444 16 
2444 1742 
2444 1710 
2444 2503 
1828 238 
1828 1827 
1828 1409 
1970 1703 
1970 1702 
61 1416 
61 1309 
61 2162 
61 1080 
642 591 
642 2472 
1502 1200 
1502 2163 
1502 1382 
1502 1503 
1266 1984 
1266 1529 
1266 255 
1908 415 
1908 1474 
1908 211 
1908 1529 
1908 1178 
132 379 
132 1022 
132 1959 
132 904 
1911 2553 
1911 1296 
2135 190 
1088 741 
1319 2034 
622 1951 
622 1002 
622 1952 
1049 2610 
1049 866 
2229 809 
2229 601 
2374 20 
2006 1986 
414 711 
529 1417 
529 1419 
337 1214 
337 1499 
507 1211 
507 40 
507 1936 
507 2508 
507 219 
507 254 
507 1363 
507 1931 
507 1413 
614 2470 
614 888 
245 1162 
2140 2139 
2140 17 
2140 1301 
2349 2346 
2349 1185 
2349 1692 
2182 525 
2182 239 
2182 415 
2182 858 
2182 2072 
2182 1285 
2182 2133 
2182 1838 
2182 2233 
2182 2131 
2182 2198 
2182 1139 
1193 306 
1824 1470 
1824 448 
1824 1267 
1824 1183 
53 1739 
2286 1901 
548 809 
548 2138 
548 843 
340 2463 
335 1986 
335 1701 
1100 1701 
1334 1950 
1334 1542 
1334 1701 
1334 1577 
314 1623 
314 2000 
1162 1510 
1426 1751 
1426 480 
1539 1914 
1968 1703 
1968 2034 
2056 1628 
2056 408 
2056 2576 
2056 734 
2056 1680 
41 1914 
41 644 
607 1213 
2147 658 
2147 455 
2147 2486 
2147 2146 
1992 1986 
1992 1185 
2348 1692 
1936 1542 
1936 1413 
1936 1932 
979 2207 
979 1839 
979 1303 
979 1503 
656 306 
1772 487 
1772 1782 
1772 2045 
1772 306 
1772 1623 
1772 1564 
1104 2264 
315 1921 
315 408 
2022 2190 
2007 1986 
855 2493 
855 811 
1350 1443 
471 2013 
37 60 
1934 338 
1934 1413 
1651 2045 
1651 306 
1897 1896 
1645 989 
220 817 
220 376 
1143 2376 
1143 783 
995 1309 
995 2385 
995 1912 
591 1078 
591 1017 
591 2472 
1197 1998 
2476 105 
2476 2651 
2476 1596 
2476 1169 
958 1798 
958 306 
1950 1605 
1950 1948 
1950 892 
1950 1241 
1950 336 
1950 875 
533 1742 
1285 711 
309 383 
309 2305 
1728 961 
1728 2257 
1728 2599 
503 1692 
2323 1444 
427 565 
427 1528 
2496 2290 
688 492 
688 1257 
2212 2216 
136 831 
2162 30 
2162 738 
2162 1080 
2162 2163 
559 472 
1216 1067 
1216 526 
1216 2446 
1216 2503 
2318 1779 
2385 2103 
1412 2450 
1412 1735 
69 604 
69 1920 
69 2189 
69 1914 
69 1926 
1241 1701 
1921 1416 
126 2045 
126 1551 
126 236 
126 306 
126 1623 
2124 1611 
2124 2126 
2124 2125 
2214 51 
2214 2216 
711 644 
711 2112 
2706 165 
1790 695 
1790 1609 
1560 1623 
1560 18 
525 142 
525 2054 
525 415 
525 2057 
525 408 
525 1628 
525 456 
525 2183 
1047 2333 
1047 1588 
2606 670 
1316 17 
1316 1301 
1482 2132 
1482 955 
1482 1402 
1232 624 
1232 1083 
1270 2034 
907 1916 
1271 599 
1271 2367 
1857 1701 
177 2679 
875 1942 
875 914 
875 1945 
221 817 
2114 386 
2114 2509 
2114 1083 
2114 2588 
893 1051 
893 783 
2169 1547 
2169 1546 
2133 2054 
2133 1463 
2133 2131 
2133 1695 
2459 2689 
366 1986 
1783 1767 
1783 1623 
143 1701 
419 349 
1561 1623 
1667 438 
1667 651 
989 2436 
1577 1221 
1577 1542 
455 2486 
735 1958 
735 701 
735 1237 
735 2060 
735 1543 
367 2451 
367 2083 
1771 1623 
1771 306 
2281 1842 
2281 2405 
1152 897 
1265 733 
110 1161 
110 2279 
1251 1448 
1251 1623 
1251 306 
727 1386 
2091 218 
2091 2075 
2091 306 
2272 1441 
1720 1317 
1720 1169 
1144 1245 
1144 1623 
755 1898 
2043 429 
2043 2406 
164 211 
38 429 
38 1160 
2112 2436 
2112 2030 
2112 118 
2112 1690 
2112 255 
1958 1237 
1958 1884 
1958 1441 
620 923 
620 2534 
322 228 
2387 1406 
2387 1510 
2387 299 
2041 429 
2041 2034 
933 1038 
933 883 
2094 530 
2094 36 
2094 441 
1508 2117 
905 1620 
905 389 
1014 1558 
321 1083 
921 1914 
921 2134 
921 2293 
629 883 
2146 846 
2146 1242 
2146 1101 
1118 1416 
644 1258 
644 728 
2667 2076 
2667 486 
2667 2075 
1355 1171 
1038 2503 
1038 565 
1964 248 
1964 1965 
1964 1906 
2144 2504 
2144 137 
2144 2145 
2144 2331 
2144 135 
1140 476 
368 428 
368 996 
368 1366 
368 2249 
368 1545 
2501 1321 
2501 1874 
2501 1092 
1710 372 
1710 687 
1710 480 
472 844 
472 448 
472 1183 
348 2250 
348 1643 
348 320 
348 2248 
843 2542 
843 2339 
1906 1703 
1906 1907 
1906 2059 
943 1196 
1317 1148 
1317 1719 
1317 1040 
1317 2220 
1317 796 
1317 2221 
1317 1739 
617 2034 
1713 1696 
1713 1898 
1912 2103 
1912 1609 
1912 2404 
1912 1296 
1912 435 
1912 1704 
343 1701 
1777 1623 
1417 2350 
1417 1703 
1417 1529 
944 2138 
1386 2571 
1823 1126 
1823 1810 
890 1314 
202 1250 
202 353 
2434 2401 
2434 2399 
1960 1904 
1960 1360 
1960 2491 
354 2453 
2413 2414 
2413 2415 
1990 1986 
2684 1320 
2684 1349 
1175 987 
2237 1240 
2237 2236 
670 267 
65 1628 
65 2021 
65 2418 
65 771 
65 543 
65 2419 
65 1293 
65 239 
409 407 
409 2084 
1531 248 
1531 1264 
1531 1889 
489 2391 
1085 2110 
2044 429 
549 1810 
459 1623 
459 153 
665 332 
1819 1810 
1819 1948 
2581 449 
2581 83 
1606 819 
1606 364 
1528 565 
1528 1361 
1528 513 
1528 1398 
2447 1037 
2447 2446 
1224 1341 
1224 2151 
1224 1110 
1224 1525 
1224 1291 
1224 1660 
1224 1732 
1224 1851 
1224 778 
1224 1370 
1224 1975 
1224 2153 
406 134 
2518 381 
2518 1135 
2518 996 
2518 2249 
2518 1257 
2518 2538 
1665 1615 
1665 1701 
1665 2034 
1699 1065 
1699 1505 
2179 440 
456 2054 
456 667 
456 142 
456 1580 
456 2347 
456 2472 
807 1955 
807 1956 
1817 733 
1817 1810 
379 1022 
379 904 
379 1898 
379 1959 
379 119 
775 180 
775 2075 
831 2093 
831 1638 
831 1011 
831 741 
1832 889 
124 2478 
124 306 
1455 441 
339 813 
2420 640 
1113 107 
1065 401 
1065 85 
1065 104 
1820 1873 
1820 1701 
1820 1810 
2096 1784 
2096 2026 
2096 859 
2096 1856 
2096 937 
2096 1009 
180 2076 
180 791 
180 2037 
180 159 
2059 718 
2059 1008 
2059 405 
2059 1435 
2450 1284 
2450 389 
2450 562 
2450 754 
2450 1620 
2547 488 
1468 1416 
2365 616 
2365 998 
2365 1565 
2365 391 
1424 1621 
1424 1813 
673 1986 
673 1907 
990 1542 
768 1723 
1889 1891 
1889 1892 
1889 429 
1889 2034 
1889 2039 
904 647 
904 1312 
904 541 
904 1959 
904 1360 
138 236 
138 306 
1786 18 
1786 1564 
2227 634 
2227 2228 
2227 1630 
183 997 
1628 2055 
1628 2021 
1628 1139 
1628 142 
1628 2054 
1628 2057 
1628 1635 
1628 2053 
517 2105 
83 1520 
1926 1920 
1926 2189 
1926 1416 
1926 2051 
1926 2052 
2305 1818 
2305 2306 
2305 1278 
1512 342 
1512 2023 
1512 2145 
749 1333 
2248 428 
2248 1135 
2248 2249 
2248 837 
2248 1071 
2248 1545 
2248 1366 
2248 856 
2248 996 
2248 1257 
1341 868 
1341 2425 
14 2077 
14 2075 
14 2034 
982 2175 
1301 1315 
1301 25 
1301 1542 
1804 1740 
1804 1546 
1804 2451 
1804 306 
660 1623 
1557 957 
1557 2083 
1557 650 
1866 1701 
1229 1155 
1229 657 
1229 2442 
1229 1627 
1229 2439 
1229 2440 
1229 1308 
1229 2441 
1229 1254 
2036 2034 
2036 833 
759 1703 
759 733 
1829 1070 
1829 1902 
1829 940 
1737 1209 
1737 1169 
1737 64 
1737 2616 
1250 328 
1250 650 
71 1986 
71 2691 
2141 2139 
2141 1636 
1354 400 
1354 1183 
518 2423 
518 32 
1521 98 
480 687 
1787 2045 
1787 306 
1787 1810 
2249 1257 
242 279 
672 2456 
672 376 
2464 623 
2464 1102 
2464 1795 
2464 2289 
2464 2290 
2464 2465 
373 6 
2300 1196 
1707 1441 
2241 2207 
2241 500 
2241 1191 
2241 1503 
2696 2615 
1141 2294 
461 2309 
461 1203 
1610 565 
1610 687 
1610 312 
1610 2558 
1610 244 
1610 2557 
955 1914 
1603 968 
1644 415 
432 1442 
1802 306 
2198 2055 
854 1884 
854 1097 
897 1494 
897 1907 
257 1388 
113 1884 
846 273 
394 577 
1766 1739 
776 1542 
776 1413 
1735 562 
988 868 
2101 2100 
1163 2132 
1163 1402 
228 1871 
2191 387 
1740 657 
1740 1035 
1740 915 
1740 2389 
1740 2391 
1740 1627 
1740 268 
1740 312 
1780 1623 
1780 1773 
2685 1718 
2685 2452 
648 1441 
119 1901 
119 1959 
1570 743 
2010 161 
2010 118 
2010 2016 
1135 2678 
1135 996 
1135 1071 
1135 1257 
770 2117 
1952 942 
1952 2205 
1952 2206 
1952 1002 
1952 2204 
1952 1654 
1952 1951 
2352 577 
2352 1129 
1185 2589 
1264 248 
497 2419 
2435 2401 
1453 1986 
1453 1701 
2673 492 
2673 1257 
2034 2035 
2034 49 
2034 791 
2034 1448 
2034 1929 
2034 141 
2034 1002 
2034 1336 
2034 1026 
2034 1891 
2034 2039 
2034 417 
2034 224 
2034 2037 
2034 1654 
1719 1169 
718 438 
718 1416 
718 437 
1913 895 
1913 1296 
1913 440 
734 2197 
734 408 
734 1388 
734 736 
734 2202 
734 2277 
285 502 
285 1999 
255 118 
2132 1463 
1416 30 
1416 1008 
1416 305 
1416 1923 
1416 6 
1416 1924 
937 1304 
937 1180 
1690 118 
2290 1102 
1546 341 
1546 687 
2405 1842 
2405 1979 
2405 483 
901 2186 
901 2073 
901 731 
1134 579 
2085 306 
2035 733 
2035 1324 
370 128 
370 2269 
370 1415 
294 306 
1364 40 
407 695 
2399 1443 
1641 833 
1641 2495 
1002 141 
1002 2033 
762 859 
2337 2259 
568 1223 
568 1810 
568 1116 
957 1154 
957 1685 
957 1757 
957 752 
957 2083 
1555 1470 
1555 2363 
1555 458 
2500 1874 
1332 2024 
1332 436 
1060 1441 
922 1406 
51 2213 
1701 1871 
1701 1023 
1701 1862 
1701 216 
1701 235 
1701 1846 
1701 1868 
1701 874 
1701 1873 
1701 1858 
1701 532 
1701 157 
1701 869 
1701 1855 
1701 1299 
1701 1323 
1701 201 
1701 1872 
1701 1856 
1701 1864 
1701 1876 
1701 1867 
1701 1865 
1701 1636 
1701 784 
1701 416 
1701 1874 
2075 2076 
2075 2077 
1388 2197 
1388 736 
2333 1588 
2481 840 
1678 833 
1293 2418 
1962 1022 
1962 1276 
359 389 
359 1620 
1071 1257 
2084 306 
1959 2621 
883 227 
1211 254 
2117 386 
2117 1867 
2117 1846 
1742 1758 
1742 1154 
1742 1427 
1742 526 
1200 2207 
1200 2414 
1788 1505 
1619 1441 
1619 392 
1619 2269 
159 2308 
1687 246 
1687 28 
2509 1987 
2025 2026 
2025 2009 
2025 1120 
2025 1110 
2210 104 
1932 1413 
2093 741 
10 476 
1902 1478 
1902 844 
1902 448 
1902 1360 
1902 1904 
2531 1026 
2299 2297 
2299 1795 
2367 2369 
1851 118 
1851 1661 
2599 961 
949 523 
2009 1986 
2009 160 
1801 1035 
1801 2451 
1801 1505 
1801 2203 
1203 1842 
1203 424 
1867 1846 
2030 903 
2030 118 
82 1634 
2 1986 
2 332 
2 1454 
778 1370 
778 1914 
2458 2457 
118 446 
118 2166 
118 388 
118 842 
118 1538 
950 93 
950 437 
398 730 
752 2451 
752 2083 
1349 1320 
1349 1634 
1757 2451 
2107 36 
2107 1505 
2103 1309 
1542 1943 
1542 918 
1542 877 
1542 1931 
1542 219 
1542 216 
1542 338 
1542 872 
1542 1942 
1542 1607 
1542 1413 
2303 733 
2303 2541 
2279 565 
1685 2083 
1685 650 
107 541 
107 971 
32 1850 
32 279 
1979 436 
1979 1842 
1972 1402 
1798 1782 
1798 1584 
1798 306 
1798 487 
1128 2275 
1128 1441 
1821 603 
1821 1810 
2446 1427 
2446 1716 
415 1309 
415 818 
415 1850 
415 966 
1529 1984 
1529 2350 
1529 1115 
1529 1178 
2003 1986 
2003 332 
2003 185 
1522 2680 
135 2095 
135 137 
651 2024 
651 1984 
651 885 
651 2023 
813 2376 
2554 2689 
1214 1499 
1214 1716 
1636 2139 
2347 1692 
2549 582 
1663 2577 
771 1080 
628 2546 
628 1169 
1827 1409 
1827 1553 
2128 2129 
1133 1538 
1133 1500 
155 817 
155 1736 
155 90 
1127 1986 
1186 2574 
2243 1503 
2243 2246 
140 582 
140 623 
1761 2175 
1761 1205 
2078 836 
2078 236 
2078 306 
1533 492 
1058 1195 
1333 2195 
2251 121 
2251 1158 
2235 1955 
2235 676 
1559 283 
2076 2077 
2076 218 
565 687 
565 1723 
565 1361 
565 513 
565 526 
565 1398 
565 244 
550 93 
899 1986 
899 1858 
2204 1951 
2582 1862 
128 392 
1242 1101 
604 1914 
687 173 
687 1171 
687 1033 
1862 926 
878 436 
878 2326 
878 885 
63 1322 
674 1907 
1729 657 
1768 1623 
1768 2325 
2538 381 
2538 492 
2538 450 
2538 1257 
1026 916 
1026 1303 
1584 306 
349 465 
1623 980 
1623 887 
1623 719 
1623 1784 
1623 1770 
1623 1779 
1623 1767 
1623 608 
1623 1774 
1623 1782 
1623 1773 
1623 153 
2679 1257 
643 1167 
643 1538 
1254 657 
1254 1308 
1390 856 
1390 2681 
885 436 
885 2024 
1370 1525 
1370 1975 
487 2026 
487 1782 
487 306 
487 655 
487 859 
487 1773 
487 2080 
902 1284 
2276 868 
2276 1115 
433 436 
1011 741 
2308 2559 
30 697 
30 738 
30 2343 
2558 1249 
2558 626 
2492 758 
2492 111 
2492 301 
2492 1169 
130 2017 
2396 504 
2579 1086 
2579 972 
1148 2220 
1148 2221 
1313 1312 
809 1115 
809 2228 
1304 1180 
541 1022 
541 647 
541 1896 
541 1360 
1736 817 
1023 1986 
1023 2568 
2055 1588 
847 2422 
847 2189 
996 428 
996 1257 
738 405 
738 1080 
2015 1309 
111 1169 
111 758 
111 1762 
1303 2163 
1097 1115 
728 1070 
728 2553 
728 1296 
789 1703 
789 1240 
1267 647 
837 1422 
153 2045 
153 306 
153 236 
623 2289 
1339 154 
1339 1753 
450 1569 
1692 291 
1692 2187 
1692 2186 
1692 1514 
1692 2346 
1692 172 
1692 2345 
973 630 
973 306 
973 176 
973 2153 
973 2016 
973 1142 
2306 1818 
2306 2552 
2306 1278 
392 1415 
392 2269 
918 2065 
1457 1019 
826 490 
826 2528 
429 196 
429 1493 
429 794 
429 523 
429 1669 
2137 1394 
1159 2534 
90 817 
799 961 
2343 2344 
626 372 
1409 1553 
1510 1202 
446 903 
1907 717 
543 984 
1949 1221 
2131 1463 
2031 2436 
2031 903 
1276 1022 
1276 458 
2097 2098 
2097 522 
513 657 
1595 2246 
330 1505 
895 440 
895 1296 
577 1129 
577 2354 
2440 657 
2440 2530 
2375 20 
2375 1404 
1789 1773 
1818 733 
1818 1810 
173 1033 
2627 929 
968 1986 
2087 1335 
2087 306 
1431 976 
1431 998 
1816 1810 
1415 2269 
743 1986 
743 160 
2077 486 
2077 1704 
219 1413 
224 1810 
1914 1917 
1914 1485 
1914 1525 
1914 1905 
1914 1920 
1914 1592 
1914 1915 
1914 1916 
1879 490 
2325 508 
2339 1191 
2339 1558 
1917 2457 
1981 436 
1981 490 
1441 1700 
1441 2275 
1441 2273 
1441 590 
1441 750 
1441 2271 
161 842 
1288 1309 
218 733 
218 1348 
218 1382 
1295 1171 
1295 1987 
301 1169 
268 2451 
2344 279 
2344 1080 
2344 2475 
1846 2357 
2266 2267 
2266 2364 
236 2046 
236 306 
236 2045 
93 2151 
2418 2021 
2418 239 
440 441 
440 1296 
1873 1986 
1873 603 
1092 1171 
341 1389 
341 2045 
2472 667 
2472 1017 
2472 192 
1202 2336 
1202 2376 
1840 1377 
605 2534 
1377 2068 
1377 2070 
2645 29 
2645 1443 
1773 1045 
889 800 
889 820 
889 1830 
1806 1809 
1784 2045 
1209 64 
105 2651 
2151 2423 
731 2203 
1238 154 
657 2442 
657 2523 
579 994 
1704 1986 
1704 383 
879 1558 
1727 188 
2054 1139 
1223 1116 
2493 2471 
2493 157 
1491 1320 
486 435 
2220 2221 
2220 1169 
345 833 
994 2309 
994 1329 
2615 332 
1012 695 
1012 1797 
1012 1336 
709 1896 
1795 798 
1578 2497 
2379 2002 
1151 2700 
2046 2045 
2046 2048 
2046 306 
1715 1154 
938 618 
1538 1842 
1538 1500 
1731 1717 
1731 1169 
1731 1755 
121 1158 
121 980 
121 802 
121 1910 
401 1160 
401 733 
401 104 
1920 2422 
1920 2653 
1920 2310 
410 676 
820 800 
1045 1571 
1045 306 
669 1086 
669 1124 
2406 523 
999 346 
2203 2330 
1996 1986 
1996 8 
667 2364 
2530 2442 
2530 2439 
2530 2515 
853 1169 
853 1762 
1401 1153 
2465 1102 
1986 2008 
1986 2005 
1986 1997 
1986 1558 
1986 476 
1986 1987 
1986 201 
1986 68 
1986 391 
1986 1876 
1986 1998 
1986 1999 
1986 2000 
1986 160 
1986 1095 
1986 1993 
1986 2002 
697 1080 
1886 1739 
2187 172 
1627 1308 
530 1505 
1839 2453 
647 1360 
2066 2065 
1779 306 
1532 2648 
616 2503 
616 1739 
881 1155 
850 2278 
40 866 
1754 154 
1754 1752 
1086 1124 
2033 1336 
1130 833 
1130 2495 
965 2197 
1363 1413 
2376 783 
465 1403 
1158 1635 
1158 306 
859 1030 
1797 1336 
1797 306 
552 1169 
2008 733 
594 2195 
1206 1257 
2080 1245 
2080 1770 
2080 608 
2080 306 
2080 655 
1717 1114 
1145 1169 
2546 466 
2678 492 
2678 1257 
1291 1660 
2250 283 
1067 1830 
1067 170 
70 441 
70 2184 
2430 201 
1984 1178 
1984 438 
2319 695 
1591 2541 
2145 2095 
2145 18 
1809 1810 
1734 1169 
209 2681 
2048 2045 
2048 306 
1505 36 
1505 1552 
719 303 
719 1810 
719 306 
17 1315 
1856 1335 
1856 2045 
1856 306 
2016 842 
68 391 
736 2197 
736 2202 
1069 239 
1111 2126 
1111 2125 
1111 2129 
2591 1552 
288 618 
275 1967 
428 1257 
2105 490 
1486 1035 
1486 650 
458 1122 
1154 2515 
1951 2206 
1120 1110 
1016 561 
2126 2125 
2502 858 
695 1998 
695 1336 
154 1752 
154 819 
154 364 
154 1444 
154 1753 
1770 1245 
1770 306 
676 1955 
887 239 
887 306 
1830 2045 
798 1793 
798 1381 
1955 1168 
1955 1956 
869 1864 
2163 1348 
818 1999 
603 2045 
1782 2326 
1782 306 
2576 1680 
1975 2110 
1463 1695 
1463 490 
160 2000 
338 1413 
2681 2683 
2681 361 
2681 1449 
1413 1931 
1413 877 
1413 872 
492 956 
492 1257 
1871 417 
1516 2612 
2632 2539 
2452 2451 
2350 1178 
2699 2630 
2083 650 
2023 2217 
1470 801 
1470 2553 
1470 1070 
915 1035 
915 2415 
998 1284 
998 976 
998 978 
2395 2228 
650 819 
2391 2451 
1257 2677 
608 306 
1299 1810 
1009 306 
1296 1910 
2491 1360 
436 483 
436 1494 
436 424 
2504 2095 
2504 137 
2326 1998 
2326 1142 
1287 1164 
1904 1360 
1552 36 
2584 876 
1443 1240 
1160 733 
1160 794 
733 435 
733 794 
733 1329 
733 383 
2403 836 
2462 1442 
2616 64 
2184 441 
2021 239 
1169 188 
1169 439 
1169 1040 
1169 823 
2269 20 
417 306 
267 2000 
2065 2067 
1739 2221 
942 1924 
868 2099 
868 1195 
478 2024 
2389 2451 
823 2221 
239 1274 
1394 211 
279 502 
279 1195 
279 2423 
1669 1481 
1669 1892 
1607 1221 
655 306 
2259 1419 
1551 306 
1702 1971 
1702 1240 
1702 1703 
1971 1703 
1576 1810 
1892 1580 
1171 1855 
2026 2045 
1805 306 
1448 2045 
2539 2540 
2498 299 
306 1245 
306 476 
306 2045 
1900 2608 
763 1635 
1967 1703 
1762 758 
1167 1070 
2677 956 
2497 388 
817 2456 
1348 1810 
2495 833 
819 364 
1095 1810 
2200 1580 
2338 1558 
1191 1558 
1810 1813 
2364 2051 
490 2099 
490 1309 
2099 2425 
1168 1022 
2515 246 
