457 1202 
457 575 
457 507 
457 40 
457 1836 
457 126 
457 909 
457 691 
457 902 
457 527 
457 501 
457 2353 
457 1260 
457 42 
457 76 
457 174 
2702 26 
3067 960 
1521 217 
1521 471 
2828 134 
2803 1739 
2803 30 
1665 1595 
249 223 
249 250 
2497 2498 
1408 869 
1408 1407 
1408 2468 
5 6 
5 9 
472 82 
472 471 
472 1577 
3124 1459 
1612 1202 
1612 1643 
1612 271 
1612 508 
2921 1184 
117 653 
117 493 
117 730 
117 789 
117 1463 
117 118 
117 756 
117 37 
117 1604 
117 2886 
2594 38 
1338 34 
1338 124 
1338 1337 
2960 696 
373 2169 
373 513 
373 527 
373 133 
373 295 
373 1041 
1455 769 
1455 771 
1455 784 
1455 2330 
1455 133 
1455 628 
2203 335 
2203 306 
2203 1529 
2203 15 
926 44 
926 925 
926 570 
926 422 
13 592 
13 14 
13 450 
13 1026 
13 684 
13 2407 
111 1583 
111 112 
1276 1276 
1276 2128 
3072 2980 
97 2779 
97 96 
97 280 
97 171 
97 1231 
97 87 
97 97 
97 2114 
97 122 
97 24 
3110 631 
2685 271 
1759 1758 
1759 1869 
1759 2001 
2737 946 
890 99 
890 720 
890 527 
890 673 
890 834 
2267 586 
2267 2381 
855 114 
855 898 
855 237 
1260 635 
1260 625 
1260 643 
1260 1836 
1260 427 
1260 653 
1260 2816 
1260 1837 
1260 1965 
1260 699 
1260 796 
1260 40 
2277 296 
2277 15 
2277 154 
765 437 
765 47 
765 38 
1382 627 
1382 1617 
1382 1478 
1382 1382 
2541 584 
2541 1763 
1365 990 
1365 1365 
1365 916 
1365 2172 
1771 631 
1771 104 
1771 2126 
2042 2030 
2042 2031 
2042 2838 
2042 2028 
2042 2312 
2178 57 
1096 178 
1096 824 
1096 501 
1096 177 
1737 1616 
1737 1911 
1310 1079 
1310 199 
1310 173 
1310 88 
1310 361 
1310 789 
1310 493 
1310 1834 
1310 790 
1310 1310 
141 35 
141 140 
141 168 
141 15 
141 584 
141 175 
141 166 
141 473 
1319 1042 
1319 1811 
1319 2081 
1319 2179 
1319 1615 
1319 2336 
1149 175 
2152 2151 
2152 3092 
2152 1006 
3086 15 
346 2134 
346 875 
346 442 
346 2499 
346 2264 
346 199 
346 711 
820 1558 
820 1130 
820 1046 
820 1839 
820 923 
820 1699 
820 819 
820 1329 
820 921 
1286 650 
1286 175 
1254 1255 
122 2252 
122 329 
122 86 
122 175 
122 276 
122 124 
122 813 
122 38 
122 1824 
122 256 
122 544 
122 142 
122 624 
122 121 
122 746 
122 1059 
122 734 
122 250 
122 808 
122 406 
122 196 
122 47 
122 784 
122 230 
122 188 
122 1394 
122 723 
122 1251 
122 215 
122 2222 
122 304 
122 1214 
122 153 
122 248 
122 15 
122 1066 
122 1232 
122 36 
122 609 
122 2295 
122 316 
122 473 
347 329 
347 199 
1772 2247 
1772 145 
1772 2722 
1772 232 
972 142 
972 47 
972 15 
972 951 
972 168 
972 759 
972 175 
885 1527 
885 2 
885 590 
885 531 
2742 2743 
1826 307 
1826 597 
2170 2169 
590 431 
590 1056 
590 156 
590 1054 
590 258 
590 1505 
590 282 
590 1271 
590 589 
590 764 
590 590 
590 247 
2259 3 
2259 1123 
2259 2272 
2259 2654 
2259 1504 
2118 2302 
2118 127 
2118 137 
351 350 
351 605 
162 161 
162 206 
162 679 
162 784 
162 15 
1985 1354 
2191 3028 
2191 201 
2191 888 
2191 9 
2191 24 
2208 1202 
2208 2208 
2212 732 
2212 485 
2212 642 
1747 1063 
1747 1748 
522 1317 
522 303 
522 1678 
522 522 
522 1638 
522 621 
522 951 
522 278 
522 724 
522 2568 
2308 175 
2308 53 
230 1685 
230 229 
230 230 
230 777 
230 1078 
230 1398 
230 1000 
230 2331 
230 1337 
230 1376 
230 188 
230 53 
2957 944 
2287 99 
2287 1314 
2287 1649 
1297 2616 
1297 442 
1297 454 
1297 2649 
489 319 
489 437 
489 488 
489 58 
2364 2363 
2364 215 
803 161 
803 437 
819 3037 
819 1248 
1647 443 
395 394 
395 126 
395 175 
395 395 
2790 2139 
2790 203 
1692 1367 
1692 1692 
2856 929 
3048 99 
233 995 
233 237 
233 234 
233 233 
233 444 
1645 2496 
1645 981 
2513 1625 
2513 182 
2513 2514 
2513 465 
1731 276 
2711 1121 
2711 2230 
766 286 
766 271 
63 64 
63 1104 
2335 907 
2335 2072 
2335 2335 
2680 84 
2680 197 
2370 2371 
2370 175 
252 1808 
252 834 
252 1384 
252 814 
252 1684 
252 110 
252 929 
252 177 
252 785 
252 252 
252 184 
252 51 
252 251 
1760 149 
1760 551 
1760 1302 
1760 292 
1760 224 
2281 631 
1872 3 
98 92 
98 584 
201 428 
201 6 
201 1080 
201 600 
201 2865 
201 2495 
201 9 
2850 1753 
413 370 
413 787 
413 199 
413 232 
624 87 
624 24 
624 624 
624 894 
2263 1725 
2684 1697 
274 273 
274 1967 
274 2643 
1441 1203 
1441 587 
1441 2230 
750 393 
1531 1532 
337 1179 
337 1178 
337 337 
337 459 
872 3016 
872 2903 
872 2129 
872 1 
872 245 
872 2926 
872 873 
872 1548 
872 485 
872 3111 
872 1034 
872 133 
872 2612 
872 2912 
872 2096 
2428 812 
2428 466 
2428 1763 
2428 938 
2428 133 
2428 159 
2492 160 
2492 1537 
1043 530 
1043 1044 
1043 276 
742 741 
742 126 
8 7 
8 777 
1153 175 
1680 133 
1680 159 
1680 1679 
2701 565 
343 99 
343 343 
343 290 
343 344 
1602 1603 
1602 1578 
1085 687 
1085 868 
1085 1 
2601 296 
1663 3034 
1663 127 
1663 840 
1663 444 
745 1158 
745 948 
745 166 
745 168 
745 746 
745 784 
745 248 
745 720 
745 649 
745 805 
745 473 
2567 460 
158 1877 
158 1214 
158 175 
158 101 
158 276 
158 55 
158 1533 
158 238 
158 257 
158 1044 
158 2222 
1194 221 
1157 2535 
1157 1156 
1157 1157 
1105 631 
1105 29 
1105 968 
1105 1739 
1105 1504 
1388 1386 
1388 981 
2534 168 
881 747 
881 740 
881 739 
881 882 
881 295 
881 881 
2407 458 
2407 450 
2486 1200 
2486 2486 
2068 1210 
2068 2067 
1604 394 
1604 94 
1604 67 
409 1622 
409 408 
409 2686 
409 561 
2295 25 
2295 2659 
2295 24 
2295 889 
559 271 
2067 1 
2286 2285 
1681 882 
756 3 
756 1161 
756 2794 
756 755 
756 257 
756 965 
192 178 
192 193 
192 57 
192 175 
192 774 
192 394 
192 907 
192 650 
192 1627 
192 126 
52 213 
52 789 
52 610 
52 580 
52 2014 
52 1196 
52 473 
52 1303 
52 65 
52 605 
52 458 
52 129 
52 601 
52 51 
52 164 
52 261 
52 1208 
52 862 
52 2366 
52 1678 
52 755 
52 2105 
52 566 
52 703 
52 553 
52 42 
2908 929 
2217 329 
461 525 
461 1218 
461 1280 
461 669 
461 1331 
461 547 
461 1076 
461 1994 
461 1983 
461 3042 
461 462 
461 2105 
461 796 
461 1570 
1231 1337 
1231 1231 
1231 1232 
2874 1885 
1599 2726 
1599 1600 
370 1689 
370 37 
370 1404 
370 686 
370 1754 
370 1017 
370 1842 
370 2831 
370 631 
370 1963 
370 1019 
2987 154 
1417 2 
1417 1371 
1417 889 
102 1202 
102 340 
102 102 
102 103 
102 1592 
102 850 
102 1655 
1424 2013 
1424 888 
1424 9 
1482 128 
1482 1252 
1615 2087 
1114 1891 
1114 1114 
2674 2224 
1228 185 
1228 1229 
1173 1494 
1173 1 
1173 1173 
1173 749 
1173 1174 
1173 917 
1730 96 
2412 2411 
2412 1063 
2412 2953 
1379 349 
1379 889 
1379 1063 
1629 709 
1629 177 
722 1547 
722 721 
722 2312 
1000 96 
1000 507 
1000 312 
1000 995 
1000 237 
183 1 
1015 1857 
1015 257 
768 244 
768 437 
2456 256 
2456 142 
2456 436 
1610 156 
1610 1811 
1239 1436 
1239 1237 
1239 2320 
1239 848 
1239 2615 
1239 2321 
1239 203 
1239 2745 
2321 1238 
2321 204 
1781 524 
1178 578 
1178 253 
1178 1179 
1178 1178 
1178 1180 
1178 2780 
1413 1866 
1413 2787 
1413 105 
1413 1414 
1413 999 
1413 894 
1413 222 
1413 2190 
1189 224 
1189 1 
1189 40 
1189 604 
1189 2056 
1189 223 
1189 551 
1189 605 
1189 110 
1189 888 
1189 873 
289 288 
289 2756 
1990 887 
1352 983 
1352 225 
1352 1364 
2961 696 
2745 1238 
2745 2745 
53 54 
53 2933 
53 1617 
53 1454 
53 2150 
53 1086 
53 441 
53 751 
53 280 
53 1155 
53 631 
53 42 
53 599 
53 554 
53 646 
53 789 
53 1018 
653 654 
653 1567 
653 965 
653 1753 
653 646 
653 1620 
653 1566 
315 316 
1431 508 
1943 834 
1943 1643 
1943 720 
1943 508 
1938 190 
1938 1485 
148 149 
2533 594 
2533 911 
462 668 
462 363 
462 1644 
462 1587 
462 1330 
462 462 
462 1008 
441 34 
441 80 
441 437 
441 127 
1683 182 
1333 244 
1333 133 
1333 734 
1333 1 
975 957 
2773 1329 
1190 161 
1190 2016 
2254 369 
2254 2132 
2254 15 
2254 2695 
1554 460 
1554 440 
1554 456 
1554 405 
1554 168 
1554 556 
1554 775 
1554 96 
1554 724 
1554 1554 
827 826 
1768 182 
2615 1238 
2679 182 
1954 578 
2561 2562 
2499 2499 
2499 1 
2499 1807 
2499 2682 
399 399 
399 883 
399 1120 
399 398 
399 451 
399 401 
399 156 
399 1211 
399 683 
399 438 
399 265 
399 161 
399 1271 
399 784 
399 1740 
399 964 
399 622 
754 754 
754 493 
533 163 
533 893 
533 378 
533 133 
533 584 
533 1950 
533 991 
533 1019 
1467 463 
1467 104 
1467 706 
1363 244 
1284 1283 
1679 133 
387 386 
1958 250 
2774 2302 
2815 182 
2815 3031 
363 363 
363 796 
363 36 
363 364 
363 2 
363 1440 
363 961 
363 889 
363 1278 
363 676 
363 306 
363 2316 
363 1006 
31 1367 
31 31 
31 1236 
31 1940 
2309 631 
2309 868 
2866 443 
1810 777 
1479 456 
955 974 
955 306 
955 584 
955 947 
955 2526 
1986 2082 
1986 1986 
362 335 
362 1233 
362 1139 
362 506 
362 1590 
362 130 
362 44 
362 703 
362 642 
362 361 
161 176 
161 860 
161 572 
161 175 
161 55 
161 1277 
161 641 
161 1800 
161 544 
161 320 
161 231 
161 344 
161 839 
161 133 
161 821 
161 438 
161 1738 
161 437 
161 211 
161 924 
161 410 
161 161 
161 649 
161 2557 
161 695 
161 1358 
161 2543 
161 406 
161 1126 
161 964 
161 683 
161 247 
161 248 
2573 1030 
2573 168 
2573 15 
2573 38 
1226 1226 
1226 493 
1226 1537 
1226 2184 
1226 487 
2139 22 
2139 1404 
2139 2369 
805 176 
805 265 
805 410 
805 804 
805 411 
805 556 
805 817 
805 281 
805 432 
805 15 
805 354 
805 889 
805 248 
805 952 
2755 1697 
1348 1347 
2934 244 
860 769 
860 771 
860 47 
860 133 
860 181 
741 501 
741 1120 
741 355 
1513 182 
615 15 
615 36 
429 627 
429 525 
429 575 
429 271 
429 430 
429 833 
429 110 
429 41 
1501 67 
1501 1501 
1592 1592 
1592 1890 
1592 72 
1536 1682 
1536 89 
1536 1537 
1536 1224 
2455 2454 
2108 968 
2108 2109 
2108 104 
46 46 
46 1419 
2646 114 
525 425 
525 2003 
525 580 
525 1136 
525 39 
525 541 
525 2552 
525 177 
525 941 
525 913 
525 1324 
525 824 
525 40 
525 526 
525 1217 
525 42 
525 447 
525 1252 
525 727 
1815 1641 
1091 1597 
1091 271 
784 799 
784 415 
784 497 
784 256 
784 1657 
784 1427 
784 1126 
784 1767 
784 107 
784 432 
2579 302 
3059 1753 
1051 1386 
1051 328 
1051 116 
1051 1052 
1051 978 
1051 2340 
1353 1354 
647 407 
647 646 
647 130 
647 455 
2182 2183 
2399 15 
1081 2479 
1081 2356 
1081 642 
566 163 
566 130 
566 42 
904 255 
904 2224 
904 1778 
904 2187 
904 2556 
904 1034 
904 903 
359 360 
359 2917 
359 1635 
359 1974 
359 359 
2146 80 
2862 1725 
2862 1407 
1611 316 
2842 314 
2878 2877 
2878 1034 
288 488 
288 916 
288 1040 
288 1251 
1321 1828 
1321 2110 
1321 1320 
1321 1997 
1244 974 
1244 584 
1244 306 
1244 973 
1244 682 
150 107 
150 156 
150 2225 
150 150 
150 1584 
773 531 
773 173 
711 711 
211 613 
211 2252 
211 155 
211 455 
211 813 
211 305 
211 1050 
211 537 
211 1862 
211 839 
211 1337 
211 703 
604 907 
604 1172 
604 91 
604 1995 
604 270 
604 2149 
604 2843 
604 70 
604 1186 
604 589 
604 2 
604 1385 
604 631 
604 3015 
604 796 
604 1738 
604 1601 
604 224 
1351 133 
665 666 
665 922 
2768 124 
526 286 
526 575 
526 2183 
333 524 
333 214 
333 2410 
333 171 
333 1518 
333 332 
333 891 
333 2576 
333 968 
333 1970 
333 1968 
333 2630 
333 1031 
333 791 
1945 443 
1945 182 
1685 34 
1685 2638 
2460 2531 
2460 1691 
2422 271 
2422 290 
1581 1580 
1581 2553 
1409 133 
1409 1410 
1409 648 
2558 644 
2558 2738 
2558 2998 
1837 777 
1837 1836 
1837 166 
1805 182 
182 336 
182 181 
182 412 
182 1341 
182 1764 
182 1086 
182 2593 
182 2521 
182 1924 
182 1701 
182 1775 
182 2344 
182 16 
182 3087 
182 155 
182 410 
182 1468 
182 1155 
182 1661 
182 203 
182 2331 
182 277 
182 1119 
182 656 
182 528 
182 994 
182 511 
182 2323 
182 1037 
182 1256 
182 182 
182 971 
182 621 
182 2683 
182 3002 
182 1375 
182 1389 
182 1921 
182 1551 
182 640 
182 1102 
182 897 
182 1040 
182 1862 
182 280 
182 1126 
182 2207 
182 1440 
182 432 
182 893 
182 2116 
182 147 
182 2246 
182 594 
182 1057 
182 1294 
182 751 
182 546 
182 1704 
182 325 
182 1074 
182 1718 
182 1018 
182 1350 
182 1912 
182 2115 
182 1378 
182 434 
182 1929 
182 2632 
182 905 
182 2699 
182 1739 
182 3089 
182 1169 
182 271 
182 1217 
182 715 
182 846 
182 954 
182 935 
182 2754 
182 564 
182 1047 
182 2216 
182 2743 
182 942 
182 411 
182 969 
180 1035 
180 1436 
180 2795 
180 168 
180 179 
180 381 
1766 1765 
1766 331 
1766 2256 
710 127 
1880 1931 
1880 1385 
1714 848 
1714 1841 
1714 1109 
1714 1249 
361 163 
361 787 
361 214 
361 361 
361 2294 
361 44 
361 126 
361 968 
361 1016 
361 335 
361 789 
361 963 
361 518 
361 326 
361 42 
361 703 
361 601 
361 89 
361 130 
1084 2405 
1084 1203 
1084 203 
1084 587 
1012 631 
618 57 
618 175 
618 650 
618 617 
618 1627 
618 126 
618 1192 
2664 736 
2664 1851 
2664 2733 
1994 1644 
1994 1995 
170 265 
170 1056 
170 171 
170 545 
170 852 
170 2421 
170 2873 
170 937 
170 713 
170 170 
170 948 
170 1992 
796 907 
796 94 
796 968 
796 878 
796 1069 
796 133 
796 826 
796 1861 
796 42 
796 1975 
796 224 
796 394 
796 1836 
796 12 
796 912 
796 2056 
796 40 
796 223 
796 197 
796 393 
3029 584 
1140 1674 
1140 1571 
1140 2201 
1140 1977 
1140 1140 
1140 2464 
1140 2010 
1140 1572 
1140 621 
1140 826 
1140 133 
1140 3129 
1140 1098 
1140 2721 
1140 1031 
1140 2468 
1140 480 
1664 704 
1664 261 
1664 995 
1664 442 
1664 1664 
1349 84 
1349 888 
1349 427 
984 983 
984 225 
2476 179 
2476 2476 
1122 495 
38 893 
38 2253 
38 1538 
38 1144 
38 247 
38 1831 
38 160 
38 1505 
38 1745 
38 215 
38 107 
38 24 
38 171 
38 410 
38 460 
38 156 
38 37 
38 440 
38 3052 
38 2707 
38 1662 
38 863 
38 165 
733 1942 
733 2311 
733 2032 
733 37 
733 2409 
733 571 
733 558 
1074 1073 
1074 482 
93 92 
2619 780 
434 34 
434 124 
434 537 
2915 1 
2915 2916 
1099 114 
1099 752 
2891 110 
1596 110 
1596 833 
2283 2283 
2283 435 
2575 995 
2575 444 
771 769 
771 94 
771 181 
1187 88 
1187 1344 
1187 507 
1187 1942 
1187 1925 
1187 393 
2131 463 
2131 2131 
2131 2130 
2131 2596 
78 2119 
78 358 
78 584 
78 79 
78 810 
186 187 
490 124 
490 250 
142 1989 
142 1496 
142 2228 
142 1526 
142 539 
142 1057 
142 1086 
142 2473 
142 992 
142 549 
142 2977 
142 671 
142 1300 
142 2659 
142 778 
142 143 
142 1588 
142 155 
142 1827 
142 1668 
142 1721 
142 1669 
142 24 
142 1565 
142 3128 
142 582 
142 1765 
142 1271 
142 880 
142 1469 
142 287 
142 1560 
142 889 
142 2003 
142 2514 
142 3035 
142 658 
142 2540 
142 1123 
142 894 
142 1277 
142 508 
142 271 
142 896 
142 1632 
142 1752 
142 943 
142 2992 
142 1116 
142 2238 
142 2710 
142 3039 
142 475 
142 959 
142 774 
142 1860 
142 2924 
352 353 
1988 15 
1982 2226 
1982 203 
2188 175 
1089 151 
1089 84 
1089 1371 
1089 1104 
1089 2101 
1089 1210 
1089 197 
1089 584 
1089 9 
1089 991 
2077 199 
2077 2078 
2077 115 
2077 2077 
1583 1857 
1583 689 
1583 1582 
1583 15 
35 241 
35 393 
35 1488 
35 55 
35 594 
35 386 
35 34 
35 751 
35 255 
35 1639 
35 133 
35 48 
35 107 
35 2669 
35 1849 
35 1018 
35 1480 
35 1155 
35 411 
35 929 
35 280 
35 258 
35 2243 
35 772 
35 999 
35 840 
35 231 
415 99 
415 893 
415 130 
415 42 
415 416 
415 991 
415 683 
2297 584 
609 176 
609 265 
609 1040 
609 175 
609 16 
609 641 
2551 400 
1736 107 
1736 2724 
169 169 
169 267 
169 2312 
169 1433 
169 375 
169 144 
169 1156 
1750 2156 
1750 271 
1750 56 
906 156 
906 906 
906 1271 
906 677 
1871 335 
1871 508 
1871 115 
1795 152 
1795 127 
1795 2024 
1795 1801 
1795 107 
1795 866 
1795 1795 
1795 1987 
1738 1289 
1738 319 
1738 90 
1738 2102 
719 306 
719 344 
1720 1172 
2776 114 
2776 124 
1279 318 
109 348 
109 578 
109 442 
109 108 
109 2325 
109 459 
109 109 
109 254 
2247 878 
2247 187 
2247 2230 
2697 357 
1662 47 
2808 826 
631 2229 
631 664 
631 2440 
631 115 
631 2388 
631 1812 
631 37 
631 354 
631 374 
631 243 
631 2380 
631 2466 
631 632 
631 676 
631 1462 
631 2365 
631 1649 
631 2692 
631 1713 
631 1710 
631 1641 
631 1977 
631 365 
631 2209 
631 173 
631 1953 
631 725 
631 1524 
631 10 
631 1623 
631 631 
631 967 
631 2493 
631 1327 
631 2392 
631 2135 
631 2397 
631 1519 
631 997 
631 371 
631 1159 
631 70 
631 869 
631 438 
631 2517 
631 832 
631 3054 
631 1488 
631 870 
631 1056 
631 405 
631 720 
631 500 
631 2439 
631 660 
631 2546 
631 3027 
631 114 
631 897 
631 857 
631 537 
631 898 
631 418 
631 838 
631 3069 
631 1419 
631 2647 
631 251 
2395 308 
2395 1478 
2206 286 
2206 1118 
1900 1901 
1900 1677 
528 124 
528 277 
528 437 
1591 777 
1591 1639 
2631 2329 
2631 889 
2631 2580 
2631 2881 
3107 2642 
2180 512 
2180 2180 
2180 378 
2180 2181 
778 777 
778 891 
1162 1161 
563 2087 
563 2151 
563 2475 
563 271 
563 562 
563 125 
563 1217 
589 40 
1712 88 
1712 187 
1712 1712 
1835 34 
1835 319 
495 124 
495 2889 
495 496 
495 2250 
1283 72 
1283 485 
1283 130 
2999 1138 
26 25 
1347 190 
1347 572 
1347 1485 
357 358 
357 1411 
357 2951 
357 583 
357 556 
357 1831 
357 154 
357 1296 
1126 124 
1126 153 
1126 175 
1126 308 
2307 645 
2307 2306 
2275 627 
2275 575 
2275 15 
2275 726 
103 2 
103 1494 
103 841 
103 144 
103 1656 
1288 576 
1288 1287 
757 151 
757 265 
757 937 
757 1667 
539 49 
539 538 
317 828 
317 691 
317 318 
317 175 
317 1618 
317 979 
317 271 
317 1960 
317 2420 
2028 2030 
2028 2031 
2028 15 
2028 2029 
265 241 
265 168 
265 934 
265 119 
265 166 
265 1667 
265 338 
265 808 
265 151 
265 266 
265 937 
265 304 
265 1257 
265 140 
265 248 
265 948 
265 15 
265 473 
740 739 
599 437 
599 432 
1856 968 
1856 214 
279 99 
279 244 
1175 39 
1175 734 
606 473 
1078 1040 
1078 232 
1078 1077 
1078 107 
1078 2598 
1078 1764 
1387 1386 
1387 228 
1387 695 
905 244 
2864 378 
1637 67 
1637 40 
96 834 
96 824 
96 2644 
96 1100 
96 436 
96 304 
96 700 
96 1093 
96 15 
96 720 
96 577 
96 154 
131 163 
131 213 
131 130 
763 1214 
763 764 
861 326 
861 517 
861 861 
861 2532 
861 862 
2801 88 
2801 135 
1866 1866 
77 76 
77 1258 
2083 14 
2083 1888 
2083 2778 
2083 1380 
2083 2083 
2083 473 
1785 2448 
1785 1786 
1785 915 
723 1877 
723 412 
723 723 
723 226 
723 964 
723 48 
723 59 
723 676 
723 554 
723 831 
723 1306 
156 86 
156 175 
156 276 
156 813 
156 556 
156 683 
156 157 
156 456 
156 821 
156 437 
156 1067 
156 2293 
156 1787 
156 405 
156 1661 
156 933 
156 530 
156 695 
156 406 
156 121 
156 3098 
156 1232 
156 1044 
156 1435 
156 329 
156 15 
156 247 
156 305 
156 1277 
156 981 
156 1152 
156 433 
156 36 
156 930 
156 156 
156 646 
156 372 
156 705 
156 140 
156 248 
156 1150 
156 639 
156 400 
156 196 
156 473 
1292 695 
1292 1204 
1292 966 
1292 1206 
1292 1895 
1292 154 
1292 1601 
197 527 
197 198 
197 817 
197 1104 
197 1245 
197 197 
197 1369 
197 623 
197 9 
2353 512 
2353 908 
2353 1324 
2088 1042 
2088 15 
2088 1006 
2402 2402 
2402 2413 
2013 799 
2013 1076 
2013 817 
369 2280 
369 43 
369 605 
369 34 
369 960 
369 622 
369 50 
369 1485 
369 164 
2487 2487 
2487 378 
2487 3020 
2438 2438 
2438 285 
2438 284 
2294 424 
2294 1013 
2294 394 
2294 319 
2294 126 
2294 1524 
82 83 
82 895 
82 2817 
82 731 
82 2002 
82 1572 
82 10 
82 737 
82 1083 
82 500 
82 339 
1368 1367 
2400 584 
2400 196 
2996 400 
1701 866 
1701 1269 
1701 1702 
617 907 
617 428 
617 1080 
617 57 
617 2676 
617 1830 
617 849 
617 268 
617 1578 
617 133 
617 1595 
617 617 
617 2285 
617 223 
593 466 
593 133 
593 1 
593 1667 
593 938 
593 1498 
593 822 
2981 758 
1155 277 
1155 124 
1155 308 
1155 1337 
1991 199 
1307 1308 
1307 1682 
1307 89 
445 444 
445 991 
445 1019 
2159 1834 
2159 2158 
153 152 
153 830 
153 813 
153 247 
153 551 
153 537 
153 153 
153 880 
153 87 
153 432 
188 1040 
188 1678 
188 1524 
188 2401 
188 676 
188 188 
188 364 
188 12 
44 163 
44 907 
44 129 
44 130 
44 506 
44 1250 
44 485 
44 334 
44 517 
44 45 
44 1653 
44 716 
44 1605 
44 335 
44 601 
44 164 
190 1450 
190 191 
190 154 
190 780 
456 456 
456 588 
456 3006 
456 1987 
456 304 
456 724 
456 372 
312 231 
312 15 
312 556 
312 412 
312 168 
312 437 
312 175 
863 2031 
2904 1061 
2125 946 
892 2035 
892 705 
892 1435 
892 782 
892 444 
892 237 
892 1397 
736 736 
736 737 
3083 1911 
338 1158 
338 1257 
338 673 
338 948 
338 934 
338 993 
338 331 
338 1667 
338 266 
1083 250 
3118 2657 
66 163 
66 213 
66 214 
66 1653 
66 65 
66 458 
66 2096 
66 968 
66 209 
1539 1539 
1539 995 
804 821 
804 2242 
89 213 
89 88 
89 2477 
89 40 
89 2041 
89 2078 
89 1017 
89 1196 
89 1595 
89 1028 
89 1804 
89 1755 
89 61 
89 164 
89 322 
89 1255 
89 605 
89 1928 
89 89 
89 37 
89 991 
89 1732 
89 334 
89 391 
89 1970 
89 335 
89 537 
89 1233 
89 519 
89 449 
89 1061 
89 139 
89 377 
89 2372 
643 893 
643 130 
643 485 
643 334 
643 1753 
643 1303 
643 2183 
1093 1093 
360 1974 
360 1691 
1392 691 
1392 2445 
1392 1897 
1392 1392 
1392 133 
1392 991 
340 223 
340 448 
340 789 
1272 913 
1272 15 
963 213 
963 335 
963 518 
963 963 
963 164 
3104 2569 
1631 304 
1631 329 
2928 460 
2488 290 
1136 15 
1136 175 
1136 1303 
1064 1065 
1064 1064 
1064 2494 
80 982 
80 81 
80 1861 
80 407 
80 296 
80 246 
80 1277 
6 823 
6 6 
6 1120 
6 1493 
6 817 
6 888 
6 846 
2466 813 
682 244 
682 681 
682 973 
2604 1430 
1201 1200 
1201 875 
2148 1653 
695 1234 
695 154 
695 966 
695 1601 
695 544 
695 1152 
695 1326 
695 196 
695 248 
695 2800 
1953 1953 
1953 2544 
1953 908 
1953 1124 
1953 51 
1567 646 
1567 734 
1567 717 
1567 930 
307 94 
307 2 
307 1100 
307 1964 
307 1442 
307 306 
553 552 
553 968 
553 130 
553 1154 
553 262 
553 105 
553 42 
952 15 
952 166 
952 196 
952 168 
194 287 
194 164 
2643 121 
2643 271 
2643 2264 
2643 329 
229 1040 
229 1197 
229 1198 
229 229 
229 1277 
229 917 
1699 1699 
1699 2111 
1699 306 
1699 1248 
1021 751 
1021 802 
1021 244 
1021 775 
1021 1022 
1021 1500 
1516 1517 
2603 1274 
2603 2602 
3020 2929 
2782 488 
2782 1144 
2782 700 
2782 276 
1573 306 
3094 65 
642 139 
642 779 
642 104 
642 105 
642 1405 
642 605 
642 1323 
642 2477 
642 237 
642 2797 
642 703 
642 601 
1902 70 
1902 1044 
2826 1857 
2826 2825 
1678 302 
1678 1678 
1678 15 
1678 407 
1678 2271 
1678 166 
1678 42 
965 575 
965 856 
965 3 
965 37 
965 1515 
965 1328 
965 966 
965 243 
965 789 
965 1463 
965 619 
965 1643 
965 2530 
965 2984 
1858 244 
2894 1063 
737 231 
737 844 
737 319 
737 437 
737 721 
3003 1484 
86 87 
86 86 
86 894 
2834 127 
2368 629 
2368 2887 
1812 1812 
1812 2044 
1812 1922 
1812 1367 
1812 2032 
1812 199 
1949 424 
1949 271 
1949 1427 
1949 291 
1949 319 
1949 999 
1949 1138 
822 687 
822 431 
822 130 
822 133 
822 306 
1491 29 
1491 1492 
1491 2430 
1491 1559 
1491 685 
2383 2382 
1202 989 
1202 2528 
1202 2300 
1202 1655 
1202 177 
234 1546 
234 1336 
234 995 
234 887 
234 1262 
234 199 
234 636 
1541 2027 
1541 140 
1541 2004 
1541 2369 
1765 947 
933 2249 
933 87 
933 933 
933 2724 
933 1505 
1144 703 
1144 856 
1144 47 
1144 175 
1144 2244 
1144 1533 
1144 1722 
1144 374 
1144 700 
1144 406 
1144 296 
1336 308 
1336 995 
1336 237 
1336 444 
1535 1534 
2059 1384 
2059 271 
1517 473 
1289 627 
4 3 
435 676 
435 436 
435 705 
435 15 
2597 310 
2597 527 
2597 9 
3132 2063 
917 889 
917 1576 
2087 1230 
1362 474 
1935 231 
1104 151 
1104 584 
1104 9 
1104 991 
878 356 
878 879 
878 1184 
878 259 
789 789 
789 1154 
789 1341 
789 646 
789 1050 
789 1196 
789 1753 
789 42 
789 1562 
789 130 
789 3024 
789 605 
789 2040 
789 570 
789 524 
789 257 
789 755 
326 1682 
326 862 
326 518 
326 17 
2373 166 
2373 683 
2373 1570 
2373 237 
2726 271 
2250 271 
2651 271 
744 143 
956 2838 
956 208 
956 304 
956 1067 
956 1498 
300 124 
2787 1067 
2807 1044 
2844 575 
2143 275 
251 576 
251 508 
1027 1024 
1027 57 
1711 127 
1908 1446 
2825 2900 
2825 1925 
2825 1537 
3102 291 
228 227 
228 981 
228 1346 
626 625 
1018 140 
1018 15 
1370 1367 
616 270 
616 1638 
616 616 
1243 15 
1243 1242 
313 313 
313 135 
496 482 
496 1423 
2843 709 
1830 297 
1830 739 
1830 1830 
1830 57 
1019 893 
1019 2462 
1019 1266 
1019 171 
1019 1255 
1019 2719 
1019 79 
1019 2002 
1019 2439 
1019 2453 
1019 2450 
1019 815 
1019 2452 
1019 2459 
983 1035 
983 983 
983 2846 
983 226 
983 2330 
983 2860 
983 1817 
983 1262 
983 1204 
2094 2094 
2094 1100 
2289 443 
1770 1769 
973 974 
973 681 
973 110 
973 306 
973 79 
973 584 
69 1445 
69 1094 
69 774 
69 193 
69 110 
69 125 
69 69 
69 70 
2062 2016 
2253 48 
2253 2783 
2253 1752 
2360 15 
2260 34 
1911 1159 
1911 1504 
1911 30 
1906 1291 
1906 1415 
1906 964 
1906 577 
1906 1277 
1906 1006 
2861 443 
1055 821 
1055 437 
452 1530 
452 88 
452 135 
452 2417 
452 350 
452 2504 
452 1942 
452 2291 
452 2011 
452 2175 
452 2648 
452 204 
452 283 
452 1691 
595 596 
595 223 
595 1624 
595 1192 
595 1034 
2031 907 
2031 2030 
749 777 
749 1 
749 57 
1462 1580 
1250 968 
1250 1196 
1250 37 
1250 334 
603 602 
603 751 
1836 179 
1836 728 
1836 513 
1836 908 
2496 1769 
2496 328 
2496 2416 
2496 276 
2496 2662 
2496 981 
1993 1040 
1993 1569 
1993 2652 
18 19 
18 2078 
18 1216 
18 51 
377 163 
377 1682 
377 130 
377 1550 
377 2179 
377 250 
377 42 
2262 1395 
502 178 
502 2195 
502 501 
2015 2017 
2015 1693 
2015 2015 
2015 2546 
428 527 
428 1080 
428 1978 
428 888 
428 1849 
428 968 
428 1559 
428 1156 
428 1034 
428 306 
428 1649 
428 99 
428 133 
428 1 
428 2 
428 378 
428 889 
428 427 
428 2171 
428 297 
1342 34 
1342 124 
802 124 
802 277 
802 432 
1775 124 
1775 537 
1775 437 
1337 49 
1337 124 
1337 1119 
1337 386 
1337 2609 
1337 34 
1912 124 
1912 15 
748 747 
748 15 
2104 951 
356 187 
673 968 
673 1001 
673 948 
673 1458 
135 425 
135 565 
135 134 
941 726 
1549 319 
20 3042 
20 20 
20 329 
20 21 
20 199 
2818 231 
203 1829 
203 1004 
203 202 
203 714 
203 1036 
203 34 
203 944 
203 259 
203 586 
203 783 
1955 1383 
2051 1035 
2051 2837 
2051 2846 
1524 534 
1524 250 
1524 2793 
2618 2618 
2618 250 
957 970 
957 2334 
957 958 
957 1108 
635 635 
635 448 
635 116 
635 1345 
635 636 
635 199 
2556 515 
506 130 
1707 1691 
628 512 
628 629 
628 485 
628 463 
628 42 
580 834 
580 124 
580 1101 
580 37 
580 2084 
580 581 
580 1868 
580 518 
580 537 
580 437 
580 601 
817 196 
817 175 
817 460 
817 223 
817 198 
817 2072 
817 888 
817 84 
817 9 
817 15 
817 777 
817 7 
817 306 
1196 163 
1196 214 
1196 130 
1196 605 
1196 907 
1196 262 
1196 968 
1196 485 
1196 1930 
1196 1928 
1196 716 
1196 2284 
1196 1605 
1196 129 
1196 960 
2423 213 
2423 417 
993 937 
993 79 
993 948 
993 1667 
2898 951 
2291 2079 
2291 2763 
2291 565 
36 1594 
36 651 
36 171 
36 460 
36 1505 
36 281 
36 301 
36 1271 
36 354 
36 1959 
36 621 
36 107 
36 1584 
36 247 
36 36 
990 90 
990 916 
990 845 
990 991 
104 704 
104 1682 
104 1172 
104 130 
104 37 
104 605 
104 979 
104 42 
104 164 
104 105 
130 1492 
130 1014 
130 65 
130 2477 
130 1952 
130 189 
130 1016 
130 1755 
130 1590 
130 833 
130 2069 
130 1154 
130 605 
130 50 
130 335 
130 378 
130 1139 
130 2105 
130 262 
130 907 
130 130 
130 2063 
130 1108 
130 1152 
130 139 
130 261 
130 1230 
130 2049 
130 49 
130 1939 
130 518 
130 703 
130 1419 
130 1252 
130 42 
3088 2951 
2434 149 
2434 2099 
2434 1302 
2434 292 
267 268 
267 2911 
267 267 
267 2312 
932 243 
932 1208 
932 56 
1463 1464 
764 834 
764 47 
764 556 
764 248 
995 704 
995 139 
995 2310 
995 887 
995 636 
995 995 
995 1334 
995 2311 
995 2477 
995 909 
995 335 
995 1650 
995 996 
995 407 
995 1376 
1118 271 
1118 1119 
1118 1223 
1252 151 
1252 175 
1252 697 
1252 241 
1252 852 
1252 331 
1252 947 
1252 2090 
633 634 
216 215 
1820 1819 
1820 1823 
2504 565 
385 385 
385 419 
1391 271 
2164 304 
2164 465 
325 124 
565 425 
565 1530 
565 2032 
565 3008 
565 708 
565 2648 
565 565 
565 504 
1350 271 
1350 15 
1350 473 
2153 1649 
2153 2154 
1334 139 
1334 9 
1334 1278 
2092 437 
281 304 
281 2571 
281 168 
1435 114 
1435 538 
1435 57 
1435 344 
1435 473 
2832 2165 
1739 124 
1739 1616 
1888 34 
1888 1087 
1888 1124 
1878 929 
1598 114 
1277 329 
1277 1638 
1277 2565 
1277 1626 
1277 140 
1277 15 
1277 1278 
1277 433 
1277 1674 
2391 791 
1169 15 
1169 175 
1169 473 
1009 269 
1009 1926 
1009 1008 
1677 51 
2385 2385 
2385 113 
2385 1641 
2385 473 
877 1996 
877 877 
139 704 
139 115 
139 62 
139 237 
139 173 
139 601 
139 1405 
139 42 
297 297 
297 57 
1280 668 
1280 1330 
420 225 
420 421 
420 226 
61 163 
61 213 
61 1859 
61 2600 
61 1139 
61 257 
61 519 
61 550 
61 62 
61 2229 
2021 1359 
2021 304 
2021 1220 
2566 677 
2566 2403 
2566 56 
2566 1430 
2377 2377 
2377 172 
2743 437 
2743 473 
106 107 
106 15 
328 2384 
328 328 
328 107 
328 329 
328 981 
840 140 
840 304 
840 473 
1974 88 
1974 204 
1568 575 
1568 592 
1882 114 
1882 168 
1577 241 
124 176 
124 336 
124 181 
124 412 
124 1341 
124 124 
124 277 
124 386 
124 1086 
124 411 
124 751 
124 546 
124 87 
124 2669 
124 2333 
124 549 
124 1648 
124 1929 
124 2000 
124 889 
124 772 
124 1469 
124 107 
124 964 
124 656 
124 2791 
124 2475 
124 1376 
124 1488 
124 2833 
124 1849 
124 147 
124 2411 
124 1632 
124 34 
124 1217 
124 649 
124 949 
124 2282 
124 1480 
124 999 
124 2318 
124 1921 
124 605 
124 994 
124 1314 
124 897 
124 49 
124 123 
124 280 
124 16 
124 969 
124 1057 
124 1661 
124 432 
277 751 
277 278 
277 438 
396 397 
383 384 
383 2943 
383 739 
383 2356 
1582 915 
1582 423 
1582 1630 
184 690 
184 1386 
184 915 
184 185 
808 1486 
808 889 
808 807 
808 155 
808 16 
808 302 
1133 378 
1133 1133 
92 151 
92 746 
92 584 
92 1674 
507 834 
507 1057 
507 57 
507 179 
507 410 
507 1635 
507 282 
507 1306 
507 880 
507 60 
507 649 
507 2225 
2266 443 
2243 1534 
1654 436 
1654 140 
1654 372 
1654 15 
772 15 
772 168 
772 2163 
772 196 
772 304 
772 436 
772 140 
772 465 
772 166 
772 308 
772 720 
772 175 
772 473 
994 437 
994 215 
2323 2323 
1734 443 
1396 1395 
1396 1220 
1562 968 
1562 524 
1562 214 
1562 177 
1562 485 
1562 1563 
1562 42 
1854 187 
2748 584 
943 1100 
943 308 
943 889 
1848 1847 
575 512 
575 575 
575 284 
575 39 
575 40 
575 824 
575 1322 
575 1402 
575 2519 
575 42 
575 2895 
575 727 
640 400 
640 437 
640 231 
2625 145 
3123 261 
1233 1590 
1233 518 
1233 703 
1233 601 
2272 2654 
3068 250 
2528 110 
1893 1892 
1893 709 
727 726 
3047 494 
875 880 
875 398 
875 438 
875 24 
3001 1890 
2559 238 
1151 75 
1151 1143 
1151 74 
2257 1643 
2257 2069 
2257 508 
1145 951 
1145 2584 
1145 15 
1769 1981 
1769 1769 
107 437 
107 436 
107 894 
107 231 
107 15 
2052 271 
2629 1050 
253 99 
253 1156 
253 1412 
253 253 
253 168 
253 988 
253 1703 
253 1180 
253 254 
253 127 
634 270 
634 852 
634 868 
634 466 
634 99 
634 335 
634 1763 
634 938 
634 584 
634 1627 
634 2045 
634 1461 
634 2821 
1774 734 
1572 1098 
1572 2570 
1572 1571 
1572 2907 
1572 826 
1572 1674 
1572 1031 
1572 869 
1802 1803 
521 2119 
521 1100 
521 329 
521 520 
521 371 
2352 1975 
898 579 
898 898 
898 115 
898 531 
898 199 
1110 1061 
1110 1111 
1545 34 
508 160 
508 353 
508 2540 
508 508 
508 509 
508 728 
508 273 
508 2427 
508 121 
508 1748 
21 1234 
21 422 
2427 3009 
2427 2703 
1215 1216 
1520 304 
2334 2334 
810 99 
810 2867 
810 127 
810 811 
810 2382 
810 810 
810 278 
810 379 
3117 755 
1851 2733 
1851 319 
1886 1885 
455 859 
455 714 
455 115 
455 752 
455 271 
455 24 
455 258 
2587 15 
1926 902 
1926 270 
1926 584 
1926 1484 
1926 1926 
2122 852 
2122 291 
712 713 
712 271 
712 721 
1090 1090 
1090 578 
1090 375 
1090 1191 
1090 254 
1090 348 
938 2156 
938 527 
938 938 
938 9 
752 839 
1253 713 
1253 721 
466 223 
466 466 
883 884 
883 231 
883 15 
883 734 
883 883 
2196 2941 
2196 378 
2306 2501 
1832 453 
1832 488 
1832 454 
2014 154 
2014 290 
1924 34 
696 551 
696 2976 
696 2922 
696 1547 
696 707 
696 1546 
696 2731 
696 310 
696 2965 
696 697 
696 2390 
696 2952 
696 696 
1380 41 
1655 2300 
29 1159 
29 417 
29 30 
2683 1044 
1741 561 
607 290 
1358 424 
1358 1359 
2964 250 
1386 286 
1386 454 
1386 1209 
1386 309 
1386 981 
1386 2340 
1688 460 
321 1 
242 241 
242 1006 
242 1262 
242 1584 
2634 979 
1034 424 
1034 319 
1034 2040 
1034 1298 
1034 99 
1034 482 
1034 255 
1034 2542 
1034 576 
1034 2386 
1034 2946 
1034 2447 
1540 2442 
1540 257 
2621 250 
2995 659 
2995 663 
2326 1 
2326 755 
1121 460 
2255 547 
2555 15 
2349 250 
2207 676 
2207 437 
2207 473 
3017 304 
3034 342 
2296 276 
2760 706 
543 37 
824 378 
824 2724 
824 2292 
824 177 
824 627 
824 3050 
824 304 
824 303 
824 15 
824 791 
824 196 
824 726 
2160 777 
2160 913 
2317 121 
1275 1274 
1275 1273 
1275 1275 
701 438 
33 32 
33 1 
33 1224 
1163 1164 
1163 2568 
1208 518 
1208 1682 
702 114 
702 133 
702 344 
702 2583 
1405 173 
1405 1682 
2569 1059 
2569 1885 
1997 437 
1997 1320 
1716 168 
2105 668 
2105 1330 
2041 163 
2041 2041 
287 1557 
287 2836 
678 244 
678 679 
355 213 
1622 2657 
1622 339 
1210 1211 
1210 2490 
2910 271 
2193 2192 
2193 87 
2193 3112 
2509 269 
2727 268 
2727 545 
492 99 
492 114 
492 968 
492 527 
492 1578 
492 127 
492 306 
1023 133 
1023 1 
2279 1646 
179 187 
179 1339 
179 895 
179 1807 
179 37 
179 1753 
179 726 
179 145 
179 174 
3033 331 
3033 991 
646 371 
646 605 
646 305 
646 537 
646 540 
646 1278 
646 839 
646 1534 
646 703 
646 1138 
991 893 
991 852 
991 2098 
991 1745 
991 1082 
991 295 
991 133 
991 627 
991 1807 
991 1445 
991 2367 
991 1446 
991 889 
991 560 
991 815 
1397 42 
3 879 
3 1329 
3 574 
3 1160 
3 417 
1036 1035 
1036 2795 
1036 587 
1036 755 
1036 1203 
1438 271 
1438 894 
1438 1904 
444 704 
444 43 
444 484 
444 276 
444 2552 
444 1404 
444 728 
444 444 
444 979 
235 2280 
235 236 
235 2797 
235 175 
235 394 
2791 34 
2791 473 
2681 2 
149 2472 
149 149 
149 1339 
149 2931 
149 2218 
149 671 
2963 929 
1937 304 
1937 1868 
1937 15 
1937 166 
1937 308 
1937 175 
2938 627 
1700 460 
694 693 
694 1987 
694 1667 
1492 2838 
1492 947 
538 534 
538 1823 
1199 893 
1199 866 
2835 231 
812 159 
812 76 
2723 1641 
1874 72 
1874 1874 
79 1950 
79 2251 
79 2290 
75 1143 
75 74 
75 290 
2730 2729 
2441 2285 
2441 57 
65 214 
65 458 
65 163 
65 968 
65 524 
65 37 
65 2303 
1865 1865 
1865 856 
1865 250 
224 1385 
224 90 
592 311 
592 310 
592 641 
592 567 
592 1357 
592 1970 
592 2372 
592 133 
592 554 
592 1813 
2518 473 
2820 206 
2403 271 
280 15 
280 280 
1740 15 
1740 175 
2117 2479 
2117 1323 
2420 1619 
2420 177 
1460 1459 
843 841 
843 133 
843 1576 
2252 59 
2252 306 
2252 1278 
152 537 
152 813 
152 15 
2356 1042 
3113 99 
1203 1004 
1203 783 
1203 1007 
1203 979 
1203 620 
1203 570 
1203 1207 
1203 45 
1320 1828 
1320 2110 
2140 734 
2140 2665 
1899 34 
1899 1898 
849 344 
849 1192 
849 868 
2893 271 
2174 439 
1474 23 
1695 1693 
2586 271 
137 2165 
137 136 
137 127 
137 260 
644 1489 
644 1128 
644 961 
644 108 
644 645 
2227 271 
2989 981 
2989 2988 
1587 1644 
1587 271 
2061 133 
1498 431 
1498 1897 
1498 133 
1234 683 
1234 471 
1234 980 
3036 2672 
138 2136 
138 138 
138 1374 
2554 271 
2767 393 
2860 1035 
2860 2330 
1054 1053 
1054 1050 
1054 751 
1054 47 
1258 2792 
1258 76 
1258 2491 
2539 1242 
703 424 
703 181 
703 335 
703 1139 
703 164 
918 1 
918 100 
918 133 
918 306 
918 1419 
918 40 
588 436 
588 15 
588 168 
588 556 
588 839 
588 305 
588 1100 
1729 439 
272 271 
1903 1787 
2606 709 
3030 244 
1058 1058 
1058 57 
491 486 
491 2393 
2413 946 
2413 1107 
2413 1910 
2413 945 
345 310 
345 140 
345 175 
473 176 
473 476 
473 625 
473 175 
473 402 
473 1100 
473 320 
473 2225 
473 410 
473 411 
473 282 
473 2699 
473 2984 
473 424 
473 247 
473 474 
473 1507 
473 354 
473 171 
473 319 
473 910 
473 1031 
473 1451 
473 432 
473 920 
473 165 
473 999 
473 1057 
473 1709 
473 473 
2218 424 
2218 319 
2920 271 
1430 436 
1430 929 
1831 829 
839 271 
839 838 
303 302 
303 436 
303 372 
303 465 
303 2163 
303 15 
303 304 
303 791 
485 2226 
485 2595 
485 175 
485 1007 
485 960 
485 494 
485 51 
485 732 
485 2245 
485 145 
556 1406 
556 57 
556 2085 
556 1100 
556 557 
556 700 
556 556 
556 244 
556 720 
48 47 
48 834 
48 460 
48 304 
48 15 
48 206 
48 436 
48 1478 
48 140 
48 166 
48 308 
48 2119 
48 576 
48 168 
48 720 
48 175 
48 154 
1992 151 
154 1923 
154 1617 
154 155 
154 1757 
154 1518 
154 1794 
154 611 
154 1487 
154 1410 
154 821 
154 683 
154 554 
663 659 
663 2158 
663 663 
663 1087 
663 199 
2633 84 
2633 9 
531 237 
531 532 
531 1528 
531 2429 
531 1367 
531 655 
335 164 
335 537 
335 334 
335 40 
335 601 
335 1423 
1842 686 
501 178 
501 1411 
501 505 
501 594 
501 699 
501 1595 
501 504 
501 1494 
786 787 
1803 173 
1803 2836 
889 1120 
889 175 
889 223 
889 888 
889 99 
889 34 
889 306 
889 9 
889 1271 
889 15 
889 2171 
889 196 
889 889 
2512 451 
2869 443 
376 375 
1936 393 
718 717 
718 306 
561 1927 
561 408 
561 1483 
561 560 
561 2959 
2231 1440 
2231 2231 
2298 2393 
2298 1224 
2298 2654 
1651 613 
1266 1970 
1266 2372 
1266 1181 
1266 1038 
1266 1423 
2830 1374 
1684 1808 
1684 14 
2708 2040 
2708 258 
2708 2859 
2034 758 
2793 292 
391 114 
391 390 
1325 821 
1325 398 
876 99 
876 244 
755 755 
755 2837 
755 1154 
518 257 
518 601 
661 661 
661 3116 
661 662 
1925 2435 
1031 1746 
1031 1098 
1031 231 
1031 1571 
1031 826 
1031 1674 
1031 869 
792 127 
610 1794 
610 611 
610 244 
610 2467 
610 648 
189 1570 
189 270 
1426 1426 
1426 929 
1555 621 
1555 1555 
1555 24 
2354 826 
946 56 
946 1514 
946 1879 
946 55 
946 649 
946 945 
946 1584 
1964 1963 
2339 99 
2766 1415 
1445 1445 
1445 1575 
1445 814 
1445 947 
1445 177 
1106 257 
2637 127 
478 2923 
478 271 
3061 250 
2591 2590 
2591 1485 
1330 1076 
1330 669 
1330 1331 
1330 547 
1330 1983 
1330 1570 
551 787 
551 672 
551 1366 
551 57 
551 1255 
551 551 
551 707 
551 1970 
551 2372 
894 834 
2416 1981 
2416 2416 
2663 1 
523 524 
523 76 
523 1109 
523 1017 
74 1143 
2955 273 
1983 799 
1983 668 
15 336 
15 3018 
15 1372 
15 1776 
15 451 
15 1141 
15 2333 
15 151 
15 1425 
15 155 
15 2222 
15 410 
15 2771 
15 24 
15 282 
15 964 
15 656 
15 670 
15 1979 
15 2704 
15 1393 
15 1100 
15 2421 
15 247 
15 278 
15 1909 
15 1632 
15 649 
15 728 
15 674 
15 1219 
15 1056 
15 950 
15 2751 
15 639 
15 402 
15 705 
15 196 
15 564 
15 594 
15 1057 
15 1726 
15 1040 
15 546 
15 2024 
15 1005 
15 1067 
15 16 
15 851 
15 2115 
15 411 
15 2871 
15 1465 
15 1211 
15 2568 
15 520 
15 1129 
15 2133 
15 680 
15 1343 
15 1291 
15 692 
15 1152 
15 354 
15 433 
15 715 
15 954 
15 999 
15 218 
15 171 
15 2404 
15 910 
15 372 
15 901 
15 1432 
15 2350 
15 880 
1944 7 
2899 176 
1376 3063 
1376 437 
1376 34 
1045 2371 
1045 276 
2941 127 
1616 1035 
1616 1616 
1616 2120 
1616 1159 
1616 30 
503 480 
545 133 
545 302 
545 329 
1211 1638 
1398 537 
544 24 
544 398 
544 175 
544 87 
544 126 
544 544 
99 477 
99 245 
99 1403 
99 2458 
99 223 
99 1687 
99 1404 
99 99 
99 2694 
99 127 
99 331 
99 988 
99 2344 
99 1146 
99 100 
99 1715 
99 947 
99 2071 
99 2623 
99 1838 
99 1608 
99 354 
99 2374 
99 3073 
99 2946 
99 780 
125 1575 
125 1574 
125 1437 
125 814 
125 621 
125 126 
125 125 
125 177 
2469 746 
2469 1138 
1006 1809 
1006 364 
1006 304 
1006 155 
1006 981 
1006 1553 
687 306 
687 2 
687 1 
1804 3084 
2201 231 
410 34 
410 175 
410 308 
410 437 
2626 424 
2626 1251 
50 49 
1522 56 
2892 110 
1910 649 
1910 168 
1910 175 
2058 241 
2058 2058 
368 244 
268 2241 
268 2 
268 57 
268 344 
268 1092 
268 2576 
2183 276 
2183 40 
730 243 
730 844 
730 1134 
730 322 
2608 1670 
23 87 
23 24 
23 2673 
23 339 
2765 128 
2765 2765 
2765 2880 
3079 223 
869 1098 
869 1571 
869 870 
869 1725 
869 869 
2318 56 
1464 570 
1493 84 
1493 9 
1493 547 
1493 198 
1493 846 
1493 888 
2002 151 
2002 1892 
848 1238 
848 848 
949 256 
949 2300 
949 398 
865 196 
1444 256 
402 304 
402 372 
1930 798 
1930 42 
1290 34 
1290 437 
1290 231 
2156 443 
463 834 
463 464 
463 706 
463 24 
463 707 
463 1079 
463 2130 
463 1843 
463 463 
479 67 
479 479 
479 1717 
432 374 
432 433 
432 821 
432 1098 
432 196 
432 432 
432 248 
1641 1641 
1641 291 
1618 1619 
2452 290 
598 597 
598 271 
1294 34 
1294 250 
3055 393 
1300 1299 
717 411 
717 554 
717 2890 
717 751 
1624 1063 
1624 1192 
2780 1578 
2780 2562 
2214 84 
2214 9 
1361 237 
2136 2136 
2136 1374 
2136 2668 
2690 929 
1331 668 
1675 1676 
1675 591 
243 2229 
243 243 
2495 888 
1395 2482 
1395 2430 
1395 1383 
310 127 
310 257 
310 576 
310 116 
310 527 
310 56 
310 311 
3075 1649 
3011 739 
529 530 
134 2417 
134 204 
134 51 
134 1225 
1308 601 
424 60 
424 320 
424 671 
424 1377 
424 2574 
424 1024 
424 209 
424 423 
424 2106 
424 871 
424 652 
424 394 
424 725 
424 2612 
424 1069 
424 1589 
424 767 
1459 306 
1547 175 
1547 1546 
2155 24 
440 1472 
440 2202 
440 780 
440 547 
440 2932 
440 440 
440 724 
1578 1603 
1578 1156 
1578 57 
1507 1506 
866 2215 
866 867 
866 866 
836 244 
400 2789 
400 354 
400 401 
400 87 
400 400 
2709 474 
2605 433 
2605 196 
1092 1092 
2675 271 
2348 276 
614 621 
614 87 
614 578 
614 614 
1575 1574 
1575 1575 
2971 259 
1446 527 
1446 1010 
1446 1446 
1446 715 
1696 1697 
1696 2390 
856 208 
856 1299 
856 856 
856 621 
856 1315 
856 159 
856 1763 
1824 87 
1824 720 
1824 1825 
1824 1824 
7 1 
7 930 
7 777 
7 212 
7 306 
2638 348 
101 101 
1088 1087 
1833 453 
1833 488 
1833 454 
2950 57 
1506 2242 
3099 405 
554 834 
554 555 
554 460 
554 700 
554 2037 
554 2741 
554 437 
554 729 
2640 901 
573 573 
573 572 
573 87 
573 278 
573 24 
573 641 
1870 1869 
3080 271 
2072 2 
2072 2729 
2072 175 
2008 705 
2186 1649 
2202 2731 
2202 780 
232 1332 
232 200 
232 231 
232 1801 
232 34 
232 437 
232 250 
232 671 
1584 705 
1584 465 
1584 304 
1148 114 
1056 460 
1056 720 
2778 2777 
2778 2778 
1627 175 
1627 650 
1627 126 
1627 1551 
1627 1732 
2929 378 
2538 51 
17 17 
2848 421 
3046 54 
2162 394 
2162 907 
2162 175 
291 1146 
291 1608 
291 1469 
291 136 
291 438 
291 127 
291 608 
291 2097 
291 290 
567 568 
567 1354 
2132 304 
2132 436 
2132 1478 
2132 364 
2158 659 
1841 1841 
1841 1840 
1841 2418 
1996 261 
1996 1996 
1996 1975 
1996 1263 
1996 832 
2024 510 
2024 2304 
2024 296 
2024 175 
2024 308 
2024 585 
1673 1989 
1673 133 
1673 57 
1673 438 
2045 133 
2045 776 
2598 1534 
902 901 
902 908 
902 76 
2770 34 
2590 2590 
2982 271 
1580 2700 
1580 2599 
1580 1580 
1580 998 
1580 2781 
1589 319 
831 510 
831 831 
704 704 
704 483 
704 42 
2617 371 
105 163 
1922 244 
1922 199 
753 34 
753 753 
781 780 
3032 2064 
2119 1667 
2503 70 
1217 627 
1217 250 
1217 49 
1217 34 
54 34 
54 668 
2824 319 
258 2525 
258 436 
258 257 
258 2039 
258 2524 
258 258 
330 331 
2526 974 
2526 584 
248 497 
248 2550 
248 683 
248 2127 
248 248 
248 1040 
248 964 
248 2001 
248 247 
1530 425 
1530 1530 
1530 1011 
1530 2079 
1530 1404 
2327 133 
2327 100 
639 210 
259 1436 
259 187 
259 260 
783 782 
783 587 
783 175 
2595 1814 
2595 145 
2055 2055 
2055 145 
2055 40 
2918 319 
447 448 
2731 1966 
2942 91 
576 1867 
576 774 
576 621 
417 213 
417 1383 
417 1167 
174 173 
174 174 
174 42 
382 381 
1062 110 
724 256 
724 436 
724 1 
724 1638 
724 342 
3038 758 
2 1777 
2 527 
2 1 
2 2241 
2 2 
2 84 
2 306 
2 2171 
2288 2491 
2288 2288 
2454 34 
2909 436 
213 214 
213 365 
213 449 
213 213 
213 164 
1489 1 
1489 605 
1941 821 
1941 348 
2565 683 
2565 2956 
127 797 
127 100 
127 505 
127 344 
127 569 
127 128 
127 68 
127 271 
127 127 
127 57 
127 837 
127 2823 
127 2351 
127 114 
127 1608 
127 550 
127 600 
127 10 
127 818 
127 244 
127 290 
1751 120 
1751 423 
1281 1282 
1281 1978 
1281 1281 
1281 57 
1281 51 
1377 114 
1377 244 
60 271 
60 115 
60 1427 
60 59 
60 1138 
2752 2751 
423 1638 
2398 834 
976 1640 
976 110 
976 278 
976 977 
815 814 
815 815 
815 700 
815 177 
1485 1450 
900 899 
187 879 
2665 133 
2576 3126 
2241 798 
1456 1457 
1456 1 
1786 1786 
1877 893 
1877 1877 
1877 611 
1877 1876 
2185 1314 
2185 1649 
3133 199 
1565 256 
1650 237 
2390 2976 
2390 1546 
623 401 
623 623 
1907 250 
2091 758 
2022 1439 
2022 806 
2264 436 
2264 175 
1109 1108 
1601 542 
1601 488 
1601 683 
1601 1335 
732 731 
1205 1204 
2840 2366 
997 838 
997 271 
1274 1274 
1274 1273 
2896 911 
132 837 
132 133 
160 160 
160 159 
160 1335 
2195 2195 
2195 504 
140 176 
140 175 
140 126 
140 87 
140 16 
140 1035 
140 549 
140 155 
140 650 
140 1251 
140 448 
140 1469 
140 271 
140 1593 
2529 979 
2039 2040 
681 974 
2802 2654 
777 880 
777 777 
777 1174 
707 1079 
707 706 
707 1124 
256 1488 
256 1451 
256 67 
256 1138 
256 256 
256 255 
256 1271 
2521 2811 
1063 524 
1063 2953 
1063 930 
1063 319 
1063 1063 
1063 2677 
1063 734 
2265 627 
759 1107 
759 945 
759 758 
2935 929 
1457 1 
2761 271 
2761 2761 
2873 443 
1053 2650 
3037 1248 
974 3070 
1452 1451 
1813 1291 
1813 2099 
244 1172 
244 245 
244 1719 
244 136 
244 2547 
244 199 
244 1069 
244 2189 
244 2642 
244 471 
244 2813 
244 1316 
244 1468 
244 919 
244 1811 
244 384 
244 349 
244 1371 
244 797 
244 1754 
244 1146 
244 1394 
244 929 
244 660 
244 292 
244 2851 
244 2775 
1881 1134 
446 40 
446 278 
446 446 
446 1156 
446 1332 
2280 175 
668 1570 
668 669 
668 1218 
668 547 
668 1076 
88 163 
88 204 
88 257 
88 790 
88 392 
587 586 
587 620 
11 10 
2451 448 
1323 2479 
1180 375 
56 1773 
56 55 
56 2436 
56 2415 
56 656 
56 793 
1346 1346 
1346 720 
2111 1123 
2111 1248 
731 731 
731 397 
731 798 
829 828 
747 1404 
747 1152 
2000 34 
1656 306 
549 548 
549 1478 
549 250 
1369 84 
1369 1371 
1369 1369 
1369 87 
1369 1486 
1597 798 
1593 67 
767 513 
1966 697 
2137 292 
3041 168 
2552 237 
1574 378 
1574 774 
404 403 
2939 739 
2712 443 
2969 627 
2969 443 
1465 168 
227 2023 
227 454 
1528 1527 
2163 1359 
2163 791 
2535 2535 
2523 278 
2966 1676 
870 1725 
870 2019 
2302 2302 
2302 2788 
2302 2386 
2302 290 
680 34 
680 304 
680 436 
680 465 
388 389 
388 800 
388 175 
758 2658 
278 2693 
278 1103 
278 530 
278 405 
278 276 
278 2063 
278 2274 
278 1044 
278 627 
278 705 
278 1311 
278 499 
278 55 
1011 2666 
1011 487 
1011 1224 
1011 1010 
1011 1011 
1011 2435 
1011 1504 
1011 1419 
1011 2369 
1011 2985 
602 34 
602 304 
602 215 
1161 1167 
1161 2794 
1161 1165 
237 43 
237 1255 
237 909 
237 968 
237 199 
237 636 
237 1345 
237 407 
237 1262 
1222 1436 
1222 1221 
1222 381 
348 1412 
348 348 
348 578 
348 442 
348 459 
348 375 
348 1156 
348 1703 
348 988 
348 1191 
348 254 
2109 2720 
1166 1159 
37 907 
37 895 
37 852 
37 421 
37 524 
37 1 
37 1184 
37 334 
37 42 
1504 879 
1504 1160 
1504 223 
1504 51 
627 2463 
627 155 
627 621 
627 223 
2472 2070 
2484 2483 
2484 329 
535 536 
535 798 
535 1607 
115 579 
115 115 
115 353 
115 116 
115 34 
115 422 
1219 1220 
1383 1159 
1383 2120 
1383 30 
2740 560 
2740 10 
9 823 
9 1359 
9 888 
9 84 
9 2089 
9 846 
9 9 
9 1609 
9 1245 
9 1434 
9 1291 
9 1076 
9 558 
2096 1101 
2096 3064 
2096 791 
862 163 
862 257 
862 2219 
862 164 
2639 1255 
1975 893 
1975 845 
1975 1156 
1975 378 
2750 1614 
3127 443 
1461 1461 
1863 442 
735 734 
658 2698 
787 1017 
1082 119 
1082 947 
1082 331 
2501 306 
2501 2501 
2501 57 
2628 241 
2628 204 
3022 734 
1807 2841 
1807 71 
1807 177 
1807 390 
868 176 
868 3058 
868 390 
113 114 
113 537 
113 113 
1094 392 
1094 1095 
1094 1094 
207 110 
207 207 
207 1979 
207 57 
207 930 
2990 175 
316 316 
316 398 
2268 271 
94 95 
94 1763 
94 133 
2997 215 
2075 2020 
2075 729 
2514 231 
2845 494 
302 304 
302 2994 
302 1638 
302 1117 
302 371 
302 465 
636 2313 
636 1345 
2053 1 
2622 537 
1814 944 
334 1512 
334 334 
334 209 
536 1607 
2069 586 
2069 223 
1840 2417 
1840 51 
1689 1689 
1756 1847 
1756 1419 
1756 2522 
1756 41 
2357 271 
2357 2672 
2242 649 
1044 454 
1044 530 
1044 555 
1044 110 
852 1013 
852 1 
852 39 
852 922 
852 151 
852 331 
852 3081 
852 3060 
978 488 
978 1335 
1620 1621 
1620 1374 
301 177 
301 271 
2900 1022 
433 1425 
433 364 
433 1040 
433 271 
433 1152 
433 433 
433 821 
433 2177 
2341 271 
846 846 
793 306 
793 212 
1449 133 
1449 1448 
371 1638 
371 465 
371 981 
371 372 
371 304 
371 1139 
2313 1345 
930 893 
930 212 
930 1 
930 100 
930 2081 
930 677 
930 621 
1621 1374 
1621 2668 
1241 798 
550 42 
550 419 
449 163 
449 989 
449 257 
449 1682 
584 241 
584 358 
584 1763 
584 295 
584 306 
584 746 
584 2827 
584 1519 
584 119 
584 405 
584 1001 
584 151 
584 1471 
584 584 
584 1419 
584 2445 
1221 1221 
1594 364 
1359 888 
1359 133 
1412 578 
1412 1156 
1412 1191 
1753 2138 
1753 133 
1753 1753 
1372 319 
1372 1373 
199 2696 
199 2044 
199 199 
199 579 
199 1367 
199 200 
199 659 
199 173 
2035 1029 
2035 72 
2035 1152 
1808 14 
205 206 
1317 1318 
270 1415 
270 524 
270 269 
270 90 
270 2610 
270 1385 
1977 1209 
1328 619 
1328 419 
998 835 
1981 981 
275 276 
953 290 
2940 271 
2274 613 
1037 57 
1037 168 
1037 175 
649 176 
649 1107 
649 271 
649 964 
254 891 
254 578 
254 1156 
254 375 
254 1191 
1853 2387 
1853 542 
1209 1209 
1209 393 
760 2325 
760 562 
760 144 
760 760 
1030 1024 
2511 133 
2511 2387 
2511 250 
1762 968 
2653 1287 
2653 660 
3062 2855 
1630 690 
1630 689 
1630 2703 
1630 2974 
3115 276 
1782 850 
1782 962 
1782 175 
676 1005 
676 271 
676 1451 
676 676 
676 922 
2954 47 
484 483 
2215 1499 
2215 1895 
2215 2086 
2215 2215 
987 271 
1931 1931 
1931 2107 
294 833 
294 380 
294 133 
294 110 
294 403 
294 72 
411 168 
1951 907 
2080 1 
1200 746 
1200 1067 
406 621 
406 406 
406 87 
406 24 
406 1646 
1834 2194 
1216 1216 
945 1107 
945 945 
3090 196 
2545 175 
838 880 
838 838 
838 1138 
838 24 
1029 1028 
1029 1556 
1561 1552 
1483 1086 
2746 443 
2500 250 
1735 2642 
1735 257 
1735 1735 
1150 1150 
2175 929 
920 344 
920 290 
864 175 
2018 90 
2325 1948 
2325 1384 
2325 459 
2325 2325 
2325 144 
514 460 
2097 290 
1708 204 
1708 1691 
1008 1008 
151 241 
151 947 
151 314 
151 2090 
151 119 
151 159 
151 968 
151 934 
151 460 
151 266 
151 2747 
151 331 
1998 1999 
1998 798 
1526 175 
1694 2017 
1694 1693 
295 296 
295 947 
295 90 
295 159 
295 1340 
295 739 
295 331 
295 306 
1427 537 
1427 1059 
1248 1248 
1248 90 
1248 835 
1248 2375 
1061 1242 
2224 2876 
3010 1404 
398 398 
398 1806 
1418 422 
928 929 
2107 133 
2107 2107 
1819 1823 
2812 981 
835 834 
835 2194 
261 262 
261 261 
1749 581 
459 442 
459 459 
2392 2392 
1451 1087 
1451 319 
1423 1255 
1436 1238 
1103 87 
1103 1103 
2988 981 
2988 2988 
238 271 
238 1968 
238 238 
1159 1160 
1159 1875 
1159 30 
1040 329 
1040 1293 
1040 721 
1040 705 
1040 364 
1040 1152 
1537 425 
1537 1895 
1537 1537 
1537 2435 
2316 524 
2316 2082 
2693 87 
1486 175 
10 505 
10 12 
10 798 
2355 250 
1617 319 
2230 586 
2230 1207 
2230 714 
2724 55 
2724 1909 
2883 734 
2735 527 
2868 34 
954 304 
954 226 
954 319 
954 436 
954 364 
591 271 
825 271 
273 273 
314 304 
314 1381 
314 2037 
314 314 
314 133 
314 223 
314 585 
314 936 
314 791 
499 471 
499 271 
999 34 
999 166 
999 304 
999 465 
1511 1510 
1511 419 
1852 891 
3109 453 
996 1896 
996 909 
2001 55 
2694 2694 
2419 929 
1552 2481 
1552 2099 
1552 1553 
1552 2342 
1552 2213 
1552 2853 
1603 1603 
2009 916 
915 2244 
915 286 
915 309 
728 720 
1825 924 
1825 231 
1302 880 
1302 255 
1302 671 
341 342 
1327 51 
1237 1238 
1237 1237 
329 176 
329 1776 
329 247 
329 1057 
329 364 
329 271 
329 1726 
329 87 
329 2624 
329 2106 
329 1240 
329 24 
329 520 
329 1862 
2350 806 
960 605 
960 350 
2134 390 
1963 1963 
2836 177 
2112 47 
236 3100 
1480 34 
1480 250 
2322 613 
1560 437 
1560 250 
1168 175 
1439 1439 
1439 110 
1439 570 
1439 1823 
1439 806 
319 859 
319 412 
319 2081 
319 1505 
319 3044 
319 320 
319 231 
319 34 
319 437 
319 791 
319 209 
319 1761 
319 319 
319 725 
1171 250 
2704 674 
266 937 
266 1158 
1263 1499 
1263 133 
1263 845 
641 1238 
641 421 
641 226 
641 145 
641 2060 
641 225 
641 1532 
482 481 
482 175 
2810 2794 
1407 1725 
1407 1674 
1407 1098 
283 425 
283 2076 
283 51 
283 1939 
296 579 
296 1638 
296 821 
296 296 
1067 168 
1067 1067 
1067 1354 
1354 705 
1354 585 
842 841 
842 1576 
1257 937 
1257 948 
1257 1158 
1257 1667 
2161 231 
2151 2480 
1343 1343 
1343 196 
1366 175 
311 311 
1490 527 
2078 42 
177 178 
177 1404 
177 1179 
177 488 
177 177 
177 72 
177 1384 
177 1230 
177 2369 
177 774 
172 32 
2070 739 
2070 175 
380 70 
2056 90 
1816 547 
1816 1816 
1595 163 
1595 57 
1595 1087 
1595 1100 
2220 2220 
2220 1605 
1724 487 
1724 1249 
1569 271 
962 1 
962 962 
412 34 
412 1152 
412 437 
2090 119 
2090 947 
2090 1335 
1113 51 
1113 2858 
1113 1249 
40 178 
40 163 
40 223 
40 42 
40 726 
40 73 
40 512 
40 1 
40 605 
40 39 
40 1227 
40 782 
100 1013 
100 927 
100 308 
100 331 
100 306 
100 1667 
1335 542 
1335 1335 
1335 159 
2736 223 
2736 2736 
1607 305 
1607 1571 
1607 2167 
1607 1606 
690 690 
690 689 
690 87 
1691 425 
1691 1691 
520 1466 
520 436 
520 791 
520 3122 
520 858 
2547 2548 
2060 1532 
779 555 
968 163 
968 527 
968 879 
968 524 
968 223 
968 2611 
968 42 
1437 126 
1499 2198 
1499 110 
1499 2799 
1499 1890 
1499 403 
1499 70 
1059 1060 
1059 1885 
1059 2546 
1059 438 
734 3091 
734 247 
734 546 
734 791 
1 2081 
1 1156 
1 1415 
1 947 
1 841 
1 331 
1 2738 
1 1404 
1 1667 
1 306 
1 2300 
1 1 
1 1010 
1 927 
1240 705 
1240 436 
1087 1024 
1087 659 
1087 58 
1087 1087 
1087 1139 
3065 944 
1883 1077 
1883 1764 
1158 935 
1158 948 
1158 934 
1158 697 
1158 1667 
3019 145 
594 911 
1453 375 
1453 1453 
1016 1017 
1069 175 
1069 2635 
458 214 
458 524 
458 493 
458 2303 
87 175 
87 276 
87 2571 
87 746 
87 1214 
87 613 
87 2852 
87 304 
87 1066 
2386 2386 
674 304 
674 1638 
255 114 
255 318 
255 90 
255 2449 
255 393 
560 560 
709 709 
823 823 
477 34 
2885 1576 
1404 1404 
1125 706 
1125 223 
1125 1124 
271 168 
271 1965 
271 806 
271 1138 
271 867 
271 582 
271 2197 
271 2585 
271 2351 
271 2700 
271 1305 
271 1213 
271 231 
271 3097 
271 34 
271 1579 
271 1235 
271 510 
271 2319 
271 830 
271 2116 
271 3125 
271 1855 
271 1969 
271 59 
271 290 
271 801 
271 785 
271 1403 
271 437 
271 2668 
271 1373 
271 327 
271 58 
271 775 
271 3091 
129 129 
129 1419 
2754 206 
2642 2642 
937 935 
937 524 
937 1667 
937 948 
937 934 
937 331 
1466 1278 
1232 1232 
1232 1271 
1232 621 
1232 24 
818 67 
818 393 
1010 537 
1010 527 
1010 133 
969 34 
120 119 
120 947 
181 769 
181 34 
181 175 
276 689 
276 276 
276 887 
276 286 
276 621 
276 309 
276 977 
276 782 
276 24 
276 2446 
276 1271 
706 22 
706 1843 
706 133 
706 834 
706 1124 
706 706 
2167 397 
2167 798 
677 308 
2089 527 
2089 888 
146 147 
2870 2672 
1068 175 
1472 304 
1472 250 
1609 84 
1761 1220 
1761 436 
1761 613 
1761 250 
542 133 
645 108 
1107 2489 
1107 55 
22 22 
22 76 
465 791 
465 916 
465 304 
465 436 
782 979 
193 193 
193 911 
1119 215 
2095 393 
511 175 
3031 791 
888 241 
888 198 
888 2171 
888 1245 
899 1184 
41 2246 
41 1419 
41 41 
425 425 
425 51 
425 3014 
425 2589 
425 2048 
425 426 
425 1614 
2106 309 
2238 460 
1703 196 
1703 578 
1703 342 
780 893 
519 163 
1885 2016 
418 419 
1097 378 
1419 42 
1419 1124 
241 119 
241 1470 
241 947 
241 911 
689 689 
1057 304 
1057 951 
1644 1644 
1005 364 
437 859 
437 2571 
437 250 
437 437 
437 245 
437 2343 
437 1389 
437 2258 
437 59 
437 1529 
437 893 
437 231 
437 799 
437 2636 
437 714 
2636 2636 
2635 2635 
1251 133 
1867 1868 
2128 436 
2128 679 
2128 2980 
2804 250 
2714 217 
530 530 
530 1120 
530 555 
530 977 
223 2276 
223 527 
223 223 
223 133 
223 144 
223 214 
223 57 
223 910 
223 850 
223 76 
223 1192 
474 691 
474 662 
474 1634 
2976 1546 
2762 204 
1164 175 
2536 2691 
2536 70 
68 67 
691 163 
691 476 
691 1303 
691 908 
691 126 
555 555 
555 558 
2404 168 
540 541 
540 42 
58 57 
58 58 
873 90 
486 487 
1098 2149 
1098 826 
1098 1571 
1098 1674 
422 911 
422 24 
422 422 
91 90 
1198 738 
1198 1197 
2657 2656 
497 498 
1745 1745 
2320 1238 
1648 34 
1648 443 
3053 2244 
1980 331 
210 2359 
210 209 
3103 51 
1138 3044 
1138 34 
2446 929 
2446 880 
384 1042 
384 344 
619 619 
619 42 
464 464 
2798 1415 
541 1188 
534 2463 
534 292 
571 570 
826 2809 
826 1674 
826 1571 
826 886 
1249 51 
1249 2393 
2962 212 
2962 1979 
2962 2962 
1557 1024 
1557 1557 
1557 1139 
2157 231 
2435 2435 
1448 1448 
451 451 
451 403 
451 110 
845 844 
830 537 
830 813 
401 821 
2038 1013 
419 1942 
453 454 
453 488 
453 2301 
1634 683 
1390 250 
798 798 
798 3093 
798 397 
980 979 
2343 34 
2343 813 
2343 231 
304 1505 
304 155 
304 910 
304 24 
304 1909 
304 2930 
304 305 
304 354 
304 2841 
304 743 
304 171 
304 372 
304 436 
304 685 
304 165 
304 196 
304 342 
2086 1230 
821 438 
821 821 
821 1529 
2479 2479 
2482 175 
1576 1494 
1007 1894 
1007 605 
1179 375 
1179 84 
2248 214 
454 981 
1481 34 
1481 250 
226 225 
2147 133 
178 175 
178 110 
2081 196 
1100 175 
1100 231 
1100 436 
1124 1124 
421 421 
3085 175 
1402 705 
1402 726 
1185 1394 
1185 57 
1065 929 
405 893 
405 405 
1661 34 
2784 215 
2530 2498 
2530 257 
886 697 
1686 613 
893 175 
893 133 
893 1152 
893 309 
893 1904 
672 51 
505 739 
505 1086 
2063 114 
2063 2194 
2063 2064 
613 916 
613 57 
613 2705 
613 24 
1269 1270 
1269 72 
2859 939 
944 1188 
1060 438 
2168 537 
1896 1895 
136 1614 
136 2165 
136 2589 
136 2788 
136 290 
2592 527 
774 175 
774 814 
308 155 
308 165 
308 964 
308 16 
308 308 
308 791 
1026 911 
1026 833 
1026 110 
1026 1026 
365 365 
365 257 
705 2003 
705 168 
705 705 
705 3106 
705 1667 
705 1271 
708 250 
51 3004 
51 1901 
51 51 
51 443 
1722 1722 
2273 214 
2102 2102 
2102 3045 
516 515 
1278 2855 
76 133 
305 460 
442 443 
442 578 
442 442 
547 214 
700 165 
700 2244 
700 964 
1697 1697 
1697 814 
1697 1546 
1152 1425 
1152 57 
1152 1152 
1152 2176 
1152 350 
2925 378 
163 163 
163 322 
163 257 
163 164 
163 2219 
935 948 
935 934 
935 524 
935 1667 
743 372 
743 175 
372 1314 
372 3120 
372 372 
372 1887 
372 858 
372 720 
828 1619 
378 578 
378 144 
378 600 
378 379 
378 3095 
378 1646 
2328 2329 
173 655 
173 1367 
173 2331 
173 1643 
1891 1434 
1891 2424 
1948 1013 
1948 697 
2919 1255 
168 2115 
168 247 
168 167 
168 354 
168 1295 
168 964 
168 577 
951 950 
951 546 
951 791 
951 438 
386 34 
386 1066 
128 374 
133 90 
133 110 
133 133 
133 988 
133 1415 
133 1950 
133 2226 
133 1763 
133 2897 
133 57 
133 292 
133 2379 
133 922 
2947 2946 
164 1255 
164 738 
47 171 
47 57 
47 247 
47 47 
1608 290 
939 940 
1139 605 
1636 290 
729 2020 
841 1494 
1484 929 
1484 2388 
1079 1079 
2338 2337 
1311 1311 
1311 1533 
121 121 
1505 436 
1505 34 
1505 720 
2300 2300 
655 655 
1255 1995 
1784 290 
850 850 
850 1123 
292 292 
292 1667 
1440 621 
2177 2176 
2229 257 
1004 34 
2129 934 
175 176 
175 155 
175 24 
175 880 
175 247 
175 126 
175 666 
175 1551 
175 1862 
175 546 
175 907 
175 2261 
175 175 
175 1077 
175 2050 
175 354 
175 2728 
175 1518 
175 1415 
175 165 
175 49 
208 208 
2819 2540 
1204 1204 
1204 611 
1204 1206 
1676 1787 
59 114 
59 34 
59 438 
350 605 
350 350 
1442 250 
2478 527 
832 1287 
746 1271 
2315 231 
2588 375 
144 1076 
144 1384 
2198 2198 
1571 1674 
215 215 
215 3066 
215 959 
948 119 
948 947 
948 948 
948 1667 
948 1458 
2396 1172 
1394 1220 
1394 1394 
1894 1894 
572 1879 
572 42 
1156 578 
1156 910 
1156 375 
1156 527 
1156 1192 
3121 1298 
1940 114 
2424 2425 
1682 1682 
806 110 
806 806 
2481 1519 
979 73 
979 1670 
513 512 
1101 209 
126 666 
126 1551 
126 42 
225 1262 
2393 487 
2485 527 
666 394 
2654 2654 
2654 487 
2667 436 
2332 460 
739 2166 
196 375 
196 791 
196 1979 
196 910 
196 165 
196 964 
196 622 
834 720 
834 42 
834 155 
2837 1385 
436 247 
436 436 
436 354 
436 910 
436 916 
436 165 
436 791 
546 159 
2829 1374 
204 204 
924 24 
1042 1041 
1127 1128 
1855 1855 
2609 34 
1613 306 
2379 527 
14 110 
14 929 
14 1384 
1909 460 
1909 720 
1829 1829 
1829 1710 
1120 578 
1857 1857 
1857 1884 
34 247 
34 1341 
34 1086 
34 751 
34 2116 
34 147 
34 448 
34 2331 
34 656 
34 1518 
34 2216 
34 1389 
34 49 
34 776 
1197 57 
697 1013 
697 2098 
697 331 
697 697 
697 1546 
1214 430 
1214 1214 
1214 24 
1309 460 
578 578 
578 914 
578 1191 
578 375 
578 988 
394 907 
394 394 
394 90 
394 1551 
394 1544 
394 2872 
1076 84 
1076 198 
2219 257 
775 200 
775 1172 
247 813 
247 791 
247 166 
911 814 
911 911 
911 1230 
32 3049 
1385 90 
2057 1787 
306 1371 
306 527 
306 212 
306 776 
1544 119 
814 907 
814 814 
814 1230 
1928 1928 
537 2388 
537 1425 
537 57 
537 537 
537 813 
537 42 
1192 57 
2133 460 
90 1172 
90 1763 
90 2744 
1324 379 
2007 1001 
1262 1262 
1262 1876 
1262 1364 
1262 558 
2276 403 
71 72 
1039 1038 
1212 977 
1273 2010 
3082 290 
214 510 
214 42 
1415 1862 
1415 1534 
165 166 
165 720 
813 880 
1041 2546 
364 364 
1458 1458 
2023 2023 
24 2953 
24 720 
24 250 
24 510 
24 24 
448 657 
448 57 
964 2749 
964 166 
331 2098 
331 39 
331 331 
331 1519 
684 290 
110 70 
110 1193 
110 403 
393 1628 
393 392 
393 1315 
393 393 
1025 1024 
2165 2589 
2165 2165 
1305 1305 
84 84 
2849 916 
909 908 
909 909 
1434 1434 
1434 1847 
1434 2522 
221 222 
2380 2380 
403 833 
527 2888 
527 558 
1080 1619 
2414 231 
145 42 
1024 1550 
460 155 
460 942 
460 1020 
2337 2245 
1546 1546 
1315 1315 
1811 1811 
1181 720 
679 679 
212 57 
212 683 
1995 1367 
284 285 
284 284 
2788 2589 
322 322 
2769 260 
1020 1020 
597 816 
42 327 
42 43 
42 605 
42 42 
42 524 
42 726 
2184 2184 
1147 443 
374 374 
1628 929 
2953 2953 
344 57 
344 290 
1690 621 
1690 510 
1690 1690 
381 1184 
155 166 
155 692 
155 726 
155 720 
947 2927 
947 1271 
880 166 
880 231 
1469 2540 
2582 443 
487 1224 
799 231 
621 250 
260 605 
260 260 
260 791 
510 2949 
119 119 
2863 471 
1301 375 
2324 1702 
2324 2324 
488 1035 
488 488 
791 157 
791 790 
791 57 
791 929 
791 209 
493 493 
2258 250 
2986 1013 
1619 1625 
290 290 
480 480 
1519 1763 
1447 524 
439 439 
439 438 
218 217 
2546 438 
2449 929 
657 657 
657 790 
657 2796 
250 2972 
250 299 
250 1950 
250 250 
250 2331 
512 600 
1134 2358 
443 443 
1979 1979 
1875 2120 
1875 1875 
1123 1123 
2166 2166 
1847 1847 
1551 1551 
1224 1224 
1374 2668 
859 231 
2580 2580 
2857 2290 
1367 1527 
988 375 
217 217 
1167 1167 
2376 375 
1013 1013 
171 431 
171 720 
929 929 
929 2716 
929 1142 
929 114 
929 2314 
683 1873 
683 1326 
714 715 
600 600 
1533 1533 
1776 231 
1371 1371 
715 715 
431 1667 
1230 720 
1230 1763 
353 1864 
353 353 
922 375 
922 922 
916 916 
1108 1108 
2319 2319 
206 206 
720 720 
1046 1046 
438 114 
2098 2098 
2491 2491 
1667 1667 
790 790 
114 114 
114 57 
114 847 
1643 2540 
1077 1077 
1077 1764 
504 257 
1035 605 
1271 2806 
907 907 
907 524 
907 2121 
907 57 
1763 57 
1763 159 
2121 2121 
1191 1191 
577 577 
558 558 
1968 1968 
1606 1606 
524 57 
524 524 
257 257 
231 231 
1238 1238 
